### C10 App-reassembliert  Frames=120
FA AF 00 2D 00 04 0C 15 00 00 00 00 00 00 00 00 00 19 0C 16 00 00 00 00 00 00 00 00 00 1A 08 17 00 00 01 FA 01 E5 07 18 00 01 01 00 1F
FA AF 00 2D 00 04 0C 15 00 00 00 00 00 00 00 00 00 19 0C 16 00 00 00 00 00 00 00 00 00 1A 08 17 00 00 01 FF 01 E0 07 18 00 01 01 00 1F
FA AF 00 2D 00 04 0C 15 00 00 00 00 00 00 00 00 00 19 0C 16 00 00 00 00 00 00 00 00 00 1A 08 17 00 00 01 F5 01 EA 07 18 00 01 01 00 1F
FA AF 00 2D 00 04 0C 15 00 00 00 00 00 00 00 00 00 19 0C 16 00 00 00 00 00 00 00 00 00 1A 08 17 00 00 02 06 01 1A 07 18 00 01 01 00 1F
FA AF 00 2D 00 04 0C 15 00 00 00 00 00 00 00 00 00 19 0C 16 00 00 00 00 00 00 00 00 00 1A 08 17 00 00 01 FA 01 E5 07 18 00 01 01 00 1F
FA AF 00 2D 00 04 0C 15 00 00 00 00 00 00 00 00 00 19 0C 16 00 00 00 00 00 00 00 00 00 1A 08 17 00 00 02 04 01 18 07 18 00 01 01 00 1F
FA AF 00 2D 00 04 0C 15 00 00 00 00 00 00 00 00 00 19 0C 16 00 00 00 00 00 00 00 00 00 1A 08 17 00 00 01 F8 01 E7 07 18 00 01 01 00 1F
FA AF 00 2D 00 04 0C 15 00 00 00 00 00 00 00 00 00 19 0C 16 00 00 00 00 00 00 00 00 00 1A 08 17 00 00 01 FC 01 E3 07 18 00 01 01 00 1F
FA AF 00 2D 00 04 0C 15 00 00 00 00 00 00 00 00 00 19 0C 16 FF FF FF FF 00 00 00 00 00 1A 08 17 00 00 01 FB 01 E4 07 18 00 01 01 00 1F
FA AF 00 2D 00 04 0C 15 00 00 00 00 00 00 00 00 00 19 0C 16 00 00 00 00 00 00 00 00 00 1A 08 17 00 00 01 FF 01 E0 07 18 00 01 01 00 1F
FA AF 00 2D 00 04 0C 15 00 00 00 00 00 00 00 00 00 19 0C 16 00 00 00 00 00 00 00 00 00 1A 08 17 00 00 02 03 01 1F 07 18 00 01 01 00 1F
FA AF 00 2D 00 04 0C 15 00 00 00 00 00 00 00 00 00 19 0C 16 FF FF FF FF 00 00 00 00 00 1A 08 17 00 00 01 F8 01 E7 07 18 00 01 01 00 1F
FA AF 00 2D 00 04 0C 15 00 00 00 00 00 00 00 00 00 19 0C 16 00 00 00 00 00 00 00 00 00 1A 08 17 00 00 02 01 01 1D 07 18 00 01 01 00 1F
FA AF 00 2D 00 04 0C 15 00 00 00 00 00 00 00 00 00 19 0C 16 00 00 00 00 00 00 00 00 00 1A 08 17 00 00 01 FC 01 E3 07 18 00 01 01 00 1F
FA AF 00 2D 00 04 0C 15 00 00 00 00 00 00 00 00 00 19 0C 16 00 00 00 01 00 00 00 00 00 1B 08 17 00 00 01 FF 01 E0 07 18 00 01 01 00 1F
FA AF 00 2D 00 04 0C 15 00 00 00 00 00 00 00 00 00 19 0C 16 00 00 00 00 00 00 00 00 00 1A 08 17 00 00 02 01 01 1D 07 18 00 01 01 00 1F
FA AF 00 2D 00 04 0C 15 00 00 00 00 00 00 00 00 00 19 0C 16 00 00 00 00 00 00 00 00 00 1A 08 17 00 00 01 FB 01 E4 07 18 00 01 01 00 1F
FA AF 00 2D 00 04 0C 15 00 00 00 00 00 00 00 00 00 19 0C 16 00 00 00 00 00 00 00 00 00 1A 08 17 00 00 02 05 01 19 07 18 00 01 01 00 1F
FA AF 00 2D 00 04 0C 15 00 00 00 00 00 00 00 00 00 19 0C 16 00 00 00 00 00 00 00 00 00 1A 08 17 00 00 01 F9 01 E6 07 18 00 01 01 00 1F
FA AF 00 2D 00 04 0C 15 00 00 00 00 00 00 00 00 00 19 0C 16 00 00 00 00 00 00 00 00 00 1A 08 17 00 00 02 01 01 1D 07 18 00 01 01 00 1F
FA AF 00 2D 00 04 0C 15 00 00 00 00 00 00 00 00 00 19 0C 16 00 00 00 00 00 00 00 00 00 1A 08 17 00 00 01 FE 01 E1 07 18 00 01 01 00 1F
FA AF 00 2D 00 04 0C 15 00 00 00 00 00 00 00 00 00 19 0C 16 00 00 00 00 00 00 00 00 00 1A 08 17 00 00 01 FE 01 E1 07 18 00 01 01 00 1F
FA AF 00 2D 00 04 0C 15 00 00 00 00 00 00 00 00 00 19 0C 16 00 00 00 00 00 00 00 00 00 1A 08 17 00 00 02 02 01 1E 07 18 00 01 01 00 1F
FA AF 00 2D 00 04 0C 15 00 00 00 00 00 00 00 00 00 19 0C 16 00 00 00 00 00 00 00 00 00 1A 08 17 00 00 01 FA 01 E5 07 18 00 01 01 00 1F
FA AF 00 2D 00 04 0C 15 00 00 00 00 00 00 00 00 00 19 0C 16 00 00 00 00 00 00 00 00 00 1A 08 17 00 00 02 04 01 18 07 18 00 01 01 00 1F
FA AF 00 2D 00 04 0C 15 00 00 00 00 00 00 00 00 00 19 0C 16 00 00 00 00 00 00 00 00 00 1A 08 17 00 00 01 F7 01 E8 07 18 00 01 01 00 1F
FA AF 00 2D 00 04 0C 15 00 00 00 00 00 00 00 00 00 19 0C 16 00 00 00 00 00 00 00 00 00 1A 08 17 00 00 01 FC 01 E3 07 18 00 01 01 00 1F
FA AF 00 2D 00 04 0C 15 00 00 00 00 00 00 00 00 00 19 0C 16 00 00 00 00 00 00 00 00 00 1A 08 17 00 00 01 FB 01 E4 07 18 00 01 01 00 1F
FA AF 00 2D 00 04 0C 15 00 00 00 00 00 00 00 00 00 19 0C 16 00 00 00 00 00 00 00 00 00 1A 08 17 00 00 02 00 01 1C 07 18 00 01 01 00 1F
FA AF 00 2D 00 04 0C 15 00 00 00 00 00 00 00 00 00 19 0C 16 00 00 00 00 00 00 00 00 00 1A 08 17 00 00 01 F9 01 E6 07 18 00 01 01 00 1F
FA AF 00 2D 00 04 0C 15 00 00 00 00 00 00 00 00 00 19 0C 16 00 00 00 00 00 00 00 00 00 1A 08 17 00 00 02 00 01 1C 07 18 00 01 01 00 1F
FA AF 00 2D 00 04 0C 15 00 00 00 00 00 00 00 00 00 19 0C 16 00 00 00 00 00 00 00 00 00 1A 08 17 00 00 02 05 01 19 07 18 00 01 01 00 1F
FA AF 00 2D 00 04 0C 15 00 00 00 00 00 00 00 00 00 19 0C 16 00 00 00 01 00 00 00 00 00 1B 08 17 00 00 01 FC 01 E3 07 18 00 01 01 00 1F
FA AF 00 2D 00 04 0C 15 00 00 00 00 00 00 00 00 00 19 0C 16 00 00 00 00 00 00 00 00 00 1A 08 17 00 00 01 FD 01 E2 07 18 00 01 01 00 1F
FA AF 00 2D 00 04 0C 15 00 00 00 00 00 00 00 00 00 19 0C 16 00 00 00 00 00 00 00 00 00 1A 08 17 00 00 02 00 01 1C 07 18 00 01 01 00 1F
FA AF 00 2D 00 04 0C 15 00 00 00 00 00 00 00 00 00 19 0C 16 00 00 00 00 00 00 00 00 00 1A 08 17 00 00 01 FF 01 E0 07 18 00 01 01 00 1F
FA AF 00 2D 00 04 0C 15 00 00 00 00 00 00 00 00 00 19 0C 16 00 00 00 00 00 00 00 00 00 1A 08 17 00 00 02 04 01 18 07 18 00 01 01 00 1F
FA AF 00 2D 00 04 0C 15 00 00 00 00 00 00 00 00 00 19 0C 16 00 00 00 00 00 00 00 00 00 1A 08 17 00 00 02 01 01 1D 07 18 00 01 01 00 1F
FA AF 00 2D 00 04 0C 15 00 00 00 00 00 00 00 00 00 19 0C 16 00 00 00 00 00 00 00 00 00 1A 08 17 00 00 01 FD 01 E2 07 18 00 01 01 00 1F
FA AF 00 2D 00 04 0C 15 00 00 00 00 00 00 00 00 00 19 0C 16 00 00 00 00 00 00 00 00 00 1A 08 17 00 00 01 FB 01 E4 07 18 00 01 01 00 1F
FA AF 00 2D 00 04 0C 15 00 00 00 00 00 00 00 00 00 19 0C 16 00 00 00 00 00 00 00 00 00 1A 08 17 00 00 02 00 01 1C 07 18 00 01 01 00 1F
FA AF 00 2D 00 04 0C 15 00 00 00 00 00 00 00 00 00 19 0C 16 00 00 00 01 00 00 00 00 00 1B 08 17 00 00 02 00 01 1C 07 18 00 01 01 00 1F
FA AF 00 2D 00 04 0C 15 00 00 00 00 00 00 00 00 00 19 0C 16 00 00 00 00 00 00 00 00 00 1A 08 17 00 00 01 F6 01 E9 07 18 00 01 01 00 1F
FA AF 00 2D 00 04 0C 15 00 00 00 00 00 00 00 00 00 19 0C 16 00 00 00 00 00 00 00 00 00 1A 08 17 00 00 02 02 01 1E 07 18 00 01 01 00 1F
FA AF 00 2D 00 04 0C 15 00 00 00 00 00 00 00 00 00 19 0C 16 00 00 00 00 00 00 00 00 00 1A 08 17 00 00 01 FB 01 E4 07 18 00 01 01 00 1F
FA AF 00 2D 00 04 0C 15 00 00 00 00 00 00 00 00 00 19 0C 16 00 00 00 00 00 00 00 00 00 1A 08 17 00 00 02 00 01 1C 07 18 00 01 01 00 1F
FA AF 00 2D 00 04 0C 15 00 00 00 00 00 00 00 00 00 19 0C 16 00 00 00 00 00 00 00 00 00 1A 08 17 00 00 01 FC 01 E3 07 18 00 01 01 00 1F
FA AF 00 2D 00 04 0C 15 00 00 00 00 00 00 00 00 00 19 0C 16 00 00 00 00 00 00 00 00 00 1A 08 17 00 00 01 FC 01 E3 07 18 00 01 01 00 1F
FA AF 00 2D 00 04 0C 15 00 00 00 00 00 00 00 00 00 19 0C 16 00 00 00 00 00 00 00 00 00 1A 08 17 00 00 02 02 01 1E 07 18 00 01 01 00 1F
FA AF 00 2D 00 04 0C 15 00 00 00 00 00 00 00 00 00 19 0C 16 00 00 00 00 00 00 00 00 00 1A 08 17 00 00 01 FD 01 E2 07 18 00 01 01 00 1F
FA AF 00 2D 00 04 0C 15 00 00 00 00 00 00 00 00 00 19 0C 16 00 00 00 01 00 00 00 00 00 1B 08 17 00 00 02 08 01 14 07 18 00 01 01 00 1F
FA AF 00 2D 00 04 0C 15 00 00 00 00 00 00 00 00 00 19 0C 16 00 00 00 00 00 00 00 00 00 1A 08 17 00 00 01 F8 01 E7 07 18 00 01 01 00 1F
FA AF 00 2D 00 04 0C 15 00 00 00 00 00 00 00 00 00 19 0C 16 00 00 00 00 00 00 00 00 00 1A 08 17 00 00 01 FE 01 E1 07 18 00 01 01 00 1F
FA AF 00 2D 00 04 0C 15 00 00 00 00 00 00 00 00 00 19 0C 16 FF FF FF FF 00 00 00 00 00 1A 08 17 00 00 02 02 01 1E 07 18 00 01 01 00 1F
FA AF 00 2D 00 04 0C 15 00 00 00 00 00 00 00 00 00 19 0C 16 00 00 00 00 00 00 00 00 00 1A 08 17 00 00 01 FC 01 E3 07 18 00 01 01 00 1F
FA AF 00 2D 00 04 0C 15 00 00 00 00 00 00 00 00 00 19 0C 16 00 00 00 00 00 00 00 00 00 1A 08 17 00 00 01 FA 01 E5 07 18 00 01 01 00 1F
FA AF 00 2D 00 04 0C 15 00 00 00 00 00 00 00 00 00 19 0C 16 00 00 00 00 00 00 00 00 00 1A 08 17 00 00 01 FF 01 E0 07 18 00 01 01 00 1F
FA AF 00 2D 00 04 0C 15 00 00 00 00 00 00 00 00 00 19 0C 16 FF FF FF FF 00 00 00 00 00 1A 08 17 00 00 01 FC 01 E3 07 18 00 01 01 00 1F
FA AF 00 2D 00 04 0C 15 00 00 00 00 00 00 00 00 00 19 0C 16 00 00 00 00 00 00 00 00 00 1A 08 17 00 00 01 FC 01 E3 07 18 00 01 01 00 1F
FA AF 00 2D 00 04 0C 15 00 00 00 00 00 00 00 00 00 19 0C 16 00 00 00 00 00 00 00 00 00 1A 08 17 00 00 01 F9 01 E6 07 18 00 01 01 00 1F
FA AF 00 2D 00 04 0C 15 00 00 00 00 00 00 00 00 00 19 0C 16 00 00 00 00 00 00 00 00 00 1A 08 17 00 00 02 01 01 1D 07 18 00 01 01 00 1F
FA AF 00 2D 00 04 0C 15 00 00 00 00 00 00 00 00 00 19 0C 16 00 00 00 00 00 00 00 00 00 1A 08 17 00 00 01 FB 01 E4 07 18 00 01 01 00 1F
FA AF 00 2D 00 04 0C 15 00 00 00 00 00 00 00 00 00 19 0C 16 FF FF FF FF 00 00 00 00 00 1A 08 17 00 00 02 04 01 18 07 18 00 01 01 00 1F
FA AF 00 2D 00 04 0C 15 00 00 00 00 00 00 00 00 00 19 0C 16 00 00 00 00 00 00 00 00 00 1A 08 17 00 00 01 FC 01 E3 07 18 00 01 01 00 1F
FA AF 00 2D 00 04 0C 15 00 00 00 00 00 00 00 00 00 19 0C 16 00 00 00 00 00 00 00 00 00 1A 08 17 00 00 02 04 01 18 07 18 00 01 01 00 1F
FA AF 00 2D 00 04 0C 15 00 00 00 00 00 00 00 00 00 19 0C 16 00 00 00 00 00 00 00 00 00 1A 08 17 00 00 01 FA 01 E5 07 18 00 01 01 00 1F
FA AF 00 2D 00 04 0C 15 00 00 00 00 00 00 00 00 00 19 0C 16 FF FF FF FF 00 00 00 00 00 1A 08 17 00 00 02 00 01 1C 07 18 00 01 01 00 1F
FA AF 00 2D 00 04 0C 15 00 00 00 00 00 00 00 00 00 19 0C 16 00 00 00 00 00 00 00 00 00 1A 08 17 00 00 01 FE 01 E1 07 18 00 01 01 00 1F
FA AF 00 2D 00 04 0C 15 00 00 00 00 00 00 00 00 00 19 0C 16 00 00 00 00 00 00 00 00 00 1A 08 17 00 00 01 FC 01 E3 07 18 00 01 01 00 1F
FA AF 00 2D 00 04 0C 15 00 00 00 00 00 00 00 00 00 19 0C 16 00 00 00 00 00 00 00 00 00 1A 08 17 00 00 02 07 01 1B 07 18 00 01 01 00 1F
FA AF 00 2D 00 04 0C 15 00 00 00 00 00 00 00 00 00 19 0C 16 00 00 00 00 00 00 00 00 00 1A 08 17 00 00 01 F8 01 E7 07 18 00 01 01 00 1F
FA AF 00 2D 00 04 0C 15 00 00 00 00 00 00 00 00 00 19 0C 16 00 00 00 00 00 00 00 00 00 1A 08 17 00 00 02 03 01 1F 07 18 00 01 01 00 1F
FA AF 00 2D 00 04 0C 15 00 00 00 00 00 00 00 00 00 19 0C 16 00 00 00 00 00 00 00 00 00 1A 08 17 00 00 01 FC 01 E3 07 18 00 01 01 00 1F
FA AF 00 2D 00 04 0C 15 00 00 00 00 00 00 00 00 00 19 0C 16 00 00 00 00 00 00 00 00 00 1A 08 17 00 00 01 FE 01 E1 07 18 00 01 01 00 1F
FA AF 00 2D 00 04 0C 15 00 00 00 00 00 00 00 00 00 19 0C 16 00 00 00 00 00 00 00 00 00 1A 08 17 00 00 02 00 01 1C 07 18 00 01 01 00 1F
FA AF 00 2D 00 04 0C 15 00 00 00 00 00 00 00 00 00 19 0C 16 00 00 00 00 00 00 00 00 00 1A 08 17 00 00 01 FB 01 E4 07 18 00 01 01 00 1F
FA AF 00 2D 00 04 0C 15 00 00 00 00 00 00 00 00 00 19 0C 16 00 00 00 00 00 00 00 00 00 1A 08 17 00 00 02 04 01 18 07 18 00 01 01 00 1F
FA AF 00 2D 00 04 0C 15 00 00 00 00 00 00 00 00 00 19 0C 16 FF FF FF FF 00 00 00 00 00 1A 08 17 00 00 01 FC 01 E3 07 18 00 01 01 00 1F
FA AF 00 2D 00 04 0C 15 00 00 00 00 00 00 00 00 00 19 0C 16 00 00 00 00 00 00 00 00 00 1A 08 17 00 00 02 01 01 1D 07 18 00 01 01 00 1F
FA AF 00 2D 00 04 0C 15 00 00 00 00 00 00 00 00 00 19 0C 16 00 00 00 00 00 00 00 00 00 1A 08 17 00 00 01 FC 01 E3 07 18 00 01 01 00 1F
FA AF 00 2D 00 04 0C 15 00 00 00 00 00 00 00 00 00 19 0C 16 00 00 00 00 00 00 00 00 00 1A 08 17 00 00 01 FD 01 E2 07 18 00 01 01 00 1F
FA AF 00 2D 00 04 0C 15 00 00 00 00 00 00 00 00 00 19 0C 16 00 00 00 00 00 00 00 00 00 1A 08 17 00 00 02 05 01 19 07 18 00 01 01 00 1F
FA AF 00 2D 00 04 0C 15 00 00 00 00 00 00 00 00 00 19 0C 16 00 00 00 00 00 00 00 00 00 1A 08 17 00 00 01 F7 01 E8 07 18 00 01 01 00 1F
FA AF 00 2D 00 04 0C 15 00 00 00 00 00 00 00 00 00 19 0C 16 00 00 00 00 00 00 00 00 00 1A 08 17 00 00 01 F9 01 E6 07 18 00 01 01 00 1F
FA AF 00 2D 00 04 0C 15 00 00 00 00 00 00 00 00 00 19 0C 16 00 00 00 00 00 00 00 00 00 1A 08 17 00 00 01 FE 01 E1 07 18 00 01 01 00 1F
FA AF 00 2D 00 04 0C 15 00 00 00 00 00 00 00 00 00 19 0C 16 00 00 00 00 00 00 00 00 00 1A 08 17 00 00 02 04 01 18 07 18 00 01 01 00 1F
FA AF 00 2D 00 04 0C 15 00 00 00 00 00 00 00 00 00 19 0C 16 00 00 00 00 00 00 00 00 00 1A 08 17 00 00 01 FC 01 E3 07 18 00 01 01 00 1F
FA AF 00 2D 00 04 0C 15 00 00 00 00 00 00 00 00 00 19 0C 16 00 00 00 00 00 00 00 00 00 1A 08 17 00 00 01 FB 01 E4 07 18 00 01 01 00 1F
FA AF 00 2D 00 04 0C 15 00 00 00 00 00 00 00 00 00 19 0C 16 00 00 00 00 00 00 00 00 00 1A 08 17 00 00 02 02 01 1E 07 18 00 01 01 00 1F
FA AF 00 2D 00 04 0C 15 00 00 00 00 00 00 00 00 00 19 0C 16 00 00 00 00 00 00 00 00 00 1A 08 17 00 00 01 FC 01 E3 07 18 00 01 01 00 1F
FA AF 00 2D 00 04 0C 15 00 00 00 00 00 00 00 00 00 19 0C 16 00 00 00 00 00 00 00 00 00 1A 08 17 00 00 02 04 01 18 07 18 00 01 01 00 1F
FA AF 00 2D 00 04 0C 15 00 00 00 00 00 00 00 00 00 19 0C 16 00 00 00 00 00 00 00 00 00 1A 08 17 00 00 01 FB 01 E4 07 18 00 01 01 00 1F
FA AF 00 2D 00 04 0C 15 00 00 00 00 00 00 00 00 00 19 0C 16 FF FF FF FF 00 00 00 00 00 1A 08 17 00 00 02 06 01 1A 07 18 00 01 01 00 1F
FA AF 00 2D 00 04 0C 15 00 00 00 00 00 00 00 00 00 19 0C 16 00 00 00 00 00 00 00 00 00 1A 08 17 00 00 01 FB 01 E4 07 18 00 01 01 00 1F
FA AF 00 2D 00 04 0C 15 00 00 00 00 00 00 00 00 00 19 0C 16 00 00 00 00 00 00 00 00 00 1A 08 17 00 00 02 04 01 18 07 18 00 01 01 00 1F
FA AF 00 2D 00 04 0C 15 00 00 00 00 00 00 00 00 00 19 0C 16 00 00 00 00 00 00 00 00 00 1A 08 17 00 00 01 F8 01 E7 07 18 00 01 01 00 1F
FA AF 00 2D 00 04 0C 15 00 00 00 00 00 00 00 00 00 19 0C 16 FF FF FF FF 00 00 00 00 00 1A 08 17 00 00 02 00 01 1C 07 18 00 01 01 00 1F
FA AF 00 2D 00 04 0C 15 00 00 00 00 00 00 00 00 00 19 0C 16 00 00 00 00 00 00 00 00 00 1A 08 17 00 00 02 07 01 1B 07 18 00 01 01 00 1F
FA AF 00 2D 00 04 0C 15 00 00 00 00 00 00 00 00 00 19 0C 16 00 00 00 00 00 00 00 00 00 1A 08 17 00 00 01 FC 01 E3 07 18 00 01 01 00 1F
FA AF 00 2D 00 04 0C 15 00 00 00 00 00 00 00 00 00 19 0C 16 00 00 00 00 00 00 00 00 00 1A 08 17 00 00 02 00 01 1C 07 18 00 01 01 00 1F
FA AF 00 2D 00 04 0C 15 00 00 00 00 00 00 00 00 00 19 0C 16 FF FF FF FF 00 00 00 00 00 1A 08 17 00 00 01 FA 01 E5 07 18 00 01 01 00 1F
FA AF 00 2D 00 04 0C 15 00 00 00 00 00 00 00 00 00 19 0C 16 00 00 00 00 00 00 00 00 00 1A 08 17 00 00 01 FD 01 E2 07 18 00 01 01 00 1F
FA AF 00 2D 00 04 0C 15 00 00 00 00 00 00 00 00 00 19 0C 16 00 00 00 00 00 00 00 00 00 1A 08 17 00 00 02 04 01 18 07 18 00 01 01 00 1F
FA AF 00 2D 00 04 0C 15 00 00 00 00 00 00 00 00 00 19 0C 16 00 00 00 00 00 00 00 00 00 1A 08 17 00 00 01 FD 01 E2 07 18 00 01 01 00 1F
FA AF 00 2D 00 04 0C 15 00 00 00 00 00 00 00 00 00 19 0C 16 00 00 00 00 00 00 00 00 00 1A 08 17 00 00 02 02 01 1E 07 18 00 01 01 00 1F
FA AF 00 2D 00 04 0C 15 00 00 00 00 00 00 00 00 00 19 0C 16 00 00 00 00 00 00 00 00 00 1A 08 17 00 00 01 FF 01 E0 07 18 00 01 01 00 1F
FA AF 00 2D 00 04 0C 15 00 00 00 00 00 00 00 00 00 19 0C 16 00 00 00 00 00 00 00 00 00 1A 08 17 00 00 01 FC 01 E3 07 18 00 01 01 00 1F
FA AF 00 2D 00 04 0C 15 00 00 00 00 00 00 00 00 00 19 0C 16 00 00 00 00 00 00 00 00 00 1A 08 17 00 00 02 04 01 18 07 18 00 01 01 00 1F
FA AF 00 2D 00 04 0C 15 00 00 00 00 00 00 00 00 00 19 0C 16 00 00 00 00 00 00 00 00 00 1A 08 17 00 00 01 FC 01 E3 07 18 00 01 01 00 1F
FA AF 00 2D 00 04 0C 15 00 00 00 00 00 00 00 00 00 19 0C 16 00 00 00 00 00 00 00 00 00 1A 08 17 00 00 02 05 01 19 07 18 00 01 01 00 1F
FA AF 00 2D 00 04 0C 15 00 00 00 00 00 00 00 00 00 19 0C 16 00 00 00 00 00 00 00 00 00 1A 08 17 00 00 01 FB 01 E4 07 18 00 01 01 00 1F
FA AF 00 2D 00 04 0C 15 00 00 00 00 00 00 00 00 00 19 0C 16 00 00 00 00 00 00 00 00 00 1A 08 17 00 00 02 03 01 1F 07 18 00 01 01 00 1F
FA AF 00 2D 00 04 0C 15 00 00 00 00 00 00 00 00 00 19 0C 16 00 00 00 00 00 00 00 00 00 1A 08 17 00 00 01 FD 01 E2 07 18 00 01 01 00 1F
FA AF 00 2D 00 04 0C 15 00 00 00 00 00 00 00 00 00 19 0C 16 00 00 00 00 00 00 00 00 00 1A 08 17 00 00 01 FC 01 E3 07 18 00 01 01 00 1F
FA AF 00 2D 00 04 0C 15 00 00 00 00 00 00 00 00 00 19 0C 16 00 00 00 00 00 00 00 00 00 1A 08 17 00 00 01 FD 01 E2 07 18 00 01 01 00 1F
FA AF 00 2D 00 04 0C 15 00 00 00 00 00 00 00 00 00 19 0C 16 00 00 00 00 00 00 00 00 00 1A 08 17 00 00 02 04 01 18 07 18 00 01 01 00 1F
FA AF 00 2D 00 04 0C 15 00 00 00 00 00 00 00 00 00 19 0C 16 00 00 00 00 00 00 00 00 00 1A 08 17 00 00 02 00 01 1C 07 18 00 01 01 00 1F
FA AF 00 2D 00 04 0C 15 00 00 00 00 00 00 00 00 00 19 0C 16 00 00 00 00 00 00 00 00 00 1A 08 17 00 00 01 FA 01 E5 07 18 00 01 01 00 1F
FA AF 00 2D 00 04 0C 15 00 00 00 00 00 00 00 00 00 19 0C 16 00 00 00 00 00 00 00 00 00 1A 08 17 00 00 01 FE 01 E1 07 18 00 01 01 00 1F
FA AF 00 2D 00 04 0C 15 00 00 00 00 00 00 00 00 00 19 0C 16 00 00 00 00 00 00 00 00 00 1A 08 17 00 00 02 03 01 1F 07 18 00 01 01 00 1F
