### C18 OEM-Frames (reassembliert)  Frames=130
FA AF 00 2D 00 04 0C 15 00 00 00 00 00 00 00 00 00 19 0C 16 00 00 00 00 00 00 00 00 00 1A 08 17 00 00 01 1C 02 00 07 18 00 01 01 00 1F
FA AF 00 2D 00 04 0C 15 00 00 00 00 00 00 00 00 00 19 0C 16 00 00 00 00 00 00 00 00 00 1A 08 17 00 00 01 18 02 04 07 18 00 01 01 00 1F
FA AF 00 2D 00 04 0C 15 00 00 00 00 00 00 00 00 00 19 0C 16 00 00 00 00 00 00 00 00 00 1A 08 17 00 00 01 1F 02 03 07 18 00 01 01 00 1F
FA AF 00 2D 00 04 0C 15 00 00 00 00 00 00 00 00 00 19 0C 16 00 00 00 00 00 00 00 00 00 1A 08 17 00 00 01 19 02 05 07 18 00 01 01 00 1F
FA AF 00 2D 00 04 0C 15 00 00 00 00 00 00 00 00 00 19 0C 16 00 00 00 00 00 00 00 00 00 1A 08 17 00 00 01 1E 02 02 07 18 00 01 01 00 1F
FA AF 00 2D 00 04 0C 15 00 00 00 00 00 00 00 00 00 19 0C 16 00 00 00 00 00 00 00 00 00 1A 08 17 00 00 01 1E 02 02 07 18 00 01 01 00 1F
FA AF 00 2D 00 04 0C 15 00 00 00 00 00 00 00 00 00 19 0C 16 00 00 00 00 00 00 00 00 00 1A 08 17 00 00 01 1C 02 00 07 18 00 01 01 00 1F
FA AF 00 2D 00 04 0C 15 00 00 00 00 00 00 00 00 00 19 0C 16 00 00 00 00 00 00 00 00 00 1A 08 17 00 00 01 19 02 05 07 18 00 01 01 00 1F
FA AF 00 2D 00 04 0C 15 00 00 00 00 00 00 00 00 00 19 0C 16 00 00 00 00 00 00 00 00 00 1A 08 17 00 00 01 1C 02 00 07 18 00 01 01 00 1F
FA AF 00 2D 00 04 0C 15 00 00 00 00 00 00 00 00 00 19 0C 16 00 00 00 00 00 00 00 00 00 1A 08 17 00 00 01 1E 02 02 07 18 00 01 01 00 1F
FA AF 00 2D 00 04 0C 15 00 00 00 00 00 00 00 00 00 19 0C 16 00 00 00 00 00 00 00 00 00 1A 08 17 00 00 01 1B 02 07 07 18 00 01 01 00 1F
FA AF 00 2D 00 04 0C 15 00 00 00 00 00 00 00 00 00 19 0C 16 00 00 00 00 00 00 00 00 00 1A 08 17 00 00 01 19 02 05 07 18 00 01 01 00 1F
FA AF 00 2D 00 04 0C 15 00 00 00 00 00 00 00 00 00 19 0C 16 FF FF FF FF 00 00 00 00 00 1A 08 17 00 00 01 1D 02 01 07 18 00 01 01 00 1F
FA AF 00 2D 00 04 0C 15 00 00 00 00 00 00 00 00 00 19 0C 16 00 00 00 00 00 00 00 00 00 1A 08 17 00 00 01 1E 02 02 07 18 00 01 01 00 1F
FA AF 00 2D 00 04 0C 15 00 00 00 00 00 00 00 00 00 19 0C 16 00 00 00 00 00 00 00 00 00 1A 08 17 00 00 01 1C 02 00 07 18 00 01 01 00 1F
FA AF 00 2D 00 04 0C 15 00 00 00 00 00 00 00 00 00 19 0C 16 00 00 00 00 00 00 00 00 00 1A 08 17 00 00 01 1A 02 06 07 18 00 01 01 00 1F
FA AF 00 2D 00 04 0C 15 00 00 00 00 00 00 00 00 00 19 0C 16 00 00 00 00 00 00 00 00 00 1A 08 17 00 00 01 20 02 3C 07 18 00 01 01 00 1F
FA AF 00 2D 00 04 0C 15 00 00 00 00 00 00 00 00 00 19 0C 16 FF FF FF FF 00 00 00 00 00 1A 08 17 00 00 01 1E 02 02 07 18 00 01 01 00 1F
FA AF 00 2D 00 04 0C 15 00 00 00 00 00 00 00 00 00 19 0C 16 00 00 00 00 00 00 00 00 00 1A 08 17 00 00 01 1D 02 01 07 18 00 01 01 00 1F
FA AF 00 2D 00 04 0C 15 00 00 00 00 00 00 00 00 00 19 0C 16 00 00 00 00 00 00 00 00 00 1A 08 17 00 00 01 1B 02 07 07 18 00 01 01 00 1F
FA AF 00 2D 00 04 0C 15 00 00 00 00 00 00 00 00 00 19 0C 16 00 00 00 00 00 00 00 00 00 1A 08 17 00 00 01 1D 02 01 07 18 00 01 01 00 1F
FA AF 00 2D 00 04 0C 15 00 00 00 00 00 00 00 00 00 19 0C 16 00 00 00 00 00 00 00 00 00 1A 08 17 00 00 01 20 02 3C 07 18 00 01 01 00 1F
FA AF 00 2D 00 04 0C 15 00 00 00 00 00 00 00 00 00 19 0C 16 00 00 00 00 00 00 00 00 00 1A 08 17 00 00 01 1C 02 00 07 18 00 01 01 00 1F
FA AF 00 2D 00 04 0C 15 00 00 00 00 00 00 00 00 00 19 0C 16 00 00 00 00 00 00 00 00 00 1A 08 17 00 00 01 22 02 3E 07 18 00 01 01 00 1F
FA AF 00 2D 00 04 0C 15 00 00 00 00 00 00 00 00 00 19 0C 16 00 00 00 00 00 00 00 00 00 1A 08 17 00 00 01 1B 02 07 07 18 00 01 01 00 1F
FA AF 00 2D 00 04 0C 15 00 00 00 00 00 00 00 00 00 19 0C 16 00 00 00 00 00 00 00 00 00 1A 08 17 00 00 01 1B 02 07 07 18 00 01 01 00 1F
FA AF 00 2D 00 04 0C 15 00 00 00 00 00 00 00 00 00 19 0C 16 00 00 00 00 00 00 00 00 00 1A 08 17 00 00 01 20 02 3C 07 18 00 01 01 00 1F
FA AF 00 2D 00 04 0C 15 00 00 00 00 00 00 00 00 00 19 0C 16 00 00 00 00 00 00 00 00 00 1A 08 17 00 00 01 19 02 05 07 18 00 01 01 00 1F
FA AF 00 2D 00 04 0C 15 00 00 00 00 00 00 00 00 00 19 0C 16 00 00 00 00 00 00 00 00 00 1A 08 17 00 00 01 1E 02 02 07 18 00 01 01 00 1F
FA AF 00 2D 00 04 0C 15 00 00 00 00 00 00 00 00 00 19 0C 16 00 00 00 00 00 00 00 00 00 1A 08 17 00 00 01 1D 02 01 07 18 00 01 01 00 1F
FA AF 00 2D 00 04 0C 15 00 00 00 00 00 00 00 00 00 19 0C 16 FF FF FF FF 00 00 00 00 00 1A 08 17 00 00 01 20 02 3C 07 18 00 01 01 00 1F
FA AF 00 2D 00 04 0C 15 00 00 00 00 00 00 00 00 00 19 0C 16 00 00 00 00 00 00 00 00 00 1A 08 17 00 00 01 1B 02 07 07 18 00 01 01 00 1F
FA AF 00 2D 00 04 0C 15 00 00 00 00 00 00 00 00 00 19 0C 16 00 00 00 00 00 00 00 00 00 1A 08 17 00 00 01 1B 02 07 07 18 00 01 01 00 1F
FA AF 00 2D 00 04 0C 15 00 00 00 00 00 00 00 00 00 19 0C 16 FF FF FF FF 00 00 00 00 00 1A 08 17 00 00 01 1F 02 03 07 18 00 01 01 00 1F
FA AF 00 2D 00 04 0C 15 00 00 00 00 00 00 00 00 00 19 0C 16 00 00 00 00 00 00 00 00 00 1A 08 17 00 00 01 1C 02 00 07 18 00 01 01 00 1F
FA AF 00 2D 00 04 0C 15 00 00 00 00 00 00 00 00 00 19 0C 16 00 00 00 00 00 00 00 00 00 1A 08 17 00 00 01 19 02 05 07 18 00 01 01 00 1F
FA AF 00 2D 00 04 0C 15 00 00 00 00 00 00 00 00 00 19 0C 16 00 00 00 00 00 00 00 00 00 1A 08 17 00 00 01 1E 02 02 07 18 00 01 01 00 1F
FA AF 00 2D 00 04 0C 15 00 00 00 00 00 00 00 00 00 19 0C 16 00 00 00 00 00 00 00 00 00 1A 08 17 00 00 01 1F 02 03 07 18 00 01 01 00 1F
FA AF 00 2D 00 04 0C 15 00 00 00 00 00 00 00 00 00 19 0C 16 FF FF FF FF 00 00 00 00 00 1A 08 17 00 00 01 1A 02 06 07 18 00 01 01 00 1F
FA AF 00 2D 00 04 0C 15 00 00 00 00 00 00 00 00 00 19 0C 16 00 00 00 00 00 00 00 00 00 1A 08 17 00 00 01 1B 02 07 07 18 00 01 01 00 1F
FA AF 00 2D 00 04 0C 15 00 00 00 00 00 00 00 00 00 19 0C 16 00 00 00 00 00 00 00 00 00 1A 08 17 00 00 01 19 02 05 07 18 00 01 01 00 1F
FA AF 00 2D 00 04 0C 15 00 00 00 00 00 00 00 00 00 19 0C 16 00 00 00 00 00 00 00 00 00 1A 08 17 00 00 01 1C 02 00 07 18 00 01 01 00 1F
FA AF 00 2D 00 04 0C 15 00 00 00 00 00 00 00 00 00 19 0C 16 00 00 00 00 00 00 00 00 00 1A 08 17 00 00 01 1A 02 06 07 18 00 01 01 00 1F
FA AF 00 2D 00 04 0C 15 00 00 00 00 00 00 00 00 00 19 0C 16 00 00 00 00 00 00 00 00 00 1A 08 17 00 00 01 1F 02 03 07 18 00 01 01 00 1F
FA AF 00 2D 00 04 0C 15 00 00 00 00 00 00 00 00 00 19 0C 16 00 00 00 00 00 00 00 00 00 1A 08 17 00 00 01 1B 02 07 07 18 00 01 01 00 1F
FA AF 00 2D 00 04 0C 15 00 00 00 00 00 00 00 00 00 19 0C 16 FF FF FF FF 00 00 00 00 00 1A 08 17 00 00 01 1C 02 00 07 18 00 01 01 00 1F
FA AF 00 2D 00 04 0C 15 00 00 00 00 00 00 00 00 00 19 0C 16 FF FF FF FF 00 00 00 00 00 1A 08 17 00 00 01 1D 02 01 07 18 00 01 01 00 1F
FA AF 00 2D 00 04 0C 15 00 00 00 00 00 00 00 00 00 19 0C 16 00 00 00 00 00 00 00 00 00 1A 08 17 00 00 01 1B 02 07 07 18 00 01 01 00 1F
FA AF 00 2D 00 04 0C 15 00 00 00 00 00 00 00 00 00 19 0C 16 00 00 00 00 00 00 00 00 00 1A 08 17 00 00 01 1D 02 01 07 18 00 01 01 00 1F
FA AF 00 2D 00 04 0C 15 00 00 00 00 00 00 00 00 00 19 0C 16 00 00 00 00 00 00 00 00 00 1A 08 17 00 00 01 1E 02 02 07 18 00 01 01 00 1F
FA AF 00 2D 00 04 0C 15 00 00 00 00 00 00 00 00 00 19 0C 16 00 00 00 00 00 00 00 00 00 1A 08 17 00 00 01 1B 02 07 07 18 00 01 01 00 1F
FA AF 00 2D 00 04 0C 15 00 00 00 00 00 00 00 00 00 19 0C 16 00 00 00 00 00 00 00 00 00 1A 08 17 00 00 01 19 02 05 07 18 00 01 01 00 1F
FA AF 00 2D 00 04 0C 15 00 00 00 00 00 00 00 00 00 19 0C 16 00 00 00 00 00 00 00 00 00 1A 08 17 00 00 01 1E 02 02 07 18 00 01 01 00 1F
FA AF 00 2D 00 04 0C 15 00 00 00 00 00 00 00 00 00 19 0C 16 00 00 00 00 00 00 00 00 00 1A 08 17 00 00 01 1A 02 06 07 18 00 01 01 00 1F
FA AF 00 2D 00 04 0C 15 00 00 00 00 00 00 00 00 00 19 0C 16 FF FF FF FF 00 00 00 00 00 1A 08 17 00 00 01 1D 02 01 07 18 00 01 01 00 1F
FA AF 00 2D 00 04 0C 15 00 00 00 00 00 00 00 00 00 19 0C 16 00 00 00 00 00 00 00 00 00 1A 08 17 00 00 01 1C 02 00 07 18 00 01 01 00 1F
FA AF 00 2D 00 04 0C 15 00 00 00 00 00 00 00 00 00 19 0C 16 00 00 00 00 00 00 00 00 00 1A 08 17 00 00 01 1B 02 07 07 18 00 01 01 00 1F
FA AF 00 2D 00 04 0C 15 00 00 00 00 00 00 00 00 00 19 0C 16 00 00 00 00 00 00 00 00 00 1A 08 17 00 00 01 21 02 3D 07 18 00 01 01 00 1F
FA AF 00 2D 00 04 0C 15 00 00 00 00 00 00 00 00 00 19 0C 16 FF FF FF FF 00 00 00 00 00 1A 08 17 00 00 01 1A 02 06 07 18 00 01 01 00 1F
FA AF 00 2D 00 04 0C 15 00 00 00 00 00 00 00 00 00 19 0C 16 00 00 00 00 00 00 00 00 00 1A 08 17 00 00 01 1C 02 00 07 18 00 01 01 00 1F
FA AF 00 2D 00 04 0C 15 00 00 00 00 00 00 00 00 00 19 0C 16 00 00 00 00 00 00 00 00 00 1A 08 17 00 00 01 18 02 04 07 18 00 01 01 00 1F
FA AF 00 2D 00 04 0C 15 00 00 00 00 00 00 00 00 00 19 0C 16 00 00 00 00 00 00 00 00 00 1A 08 17 00 00 01 1C 02 00 07 18 00 01 01 00 1F
FA AF 00 2D 00 04 0C 15 00 00 00 00 00 00 00 00 00 19 0C 16 00 00 00 00 00 00 00 00 00 1A 08 17 00 00 01 1E 02 02 07 18 00 01 01 00 1F
FA AF 00 2D 00 04 0C 15 00 00 00 00 00 00 00 00 00 19 0C 16 00 00 00 01 00 00 00 00 00 1B 08 17 00 00 01 19 02 05 07 18 00 01 01 00 1F
FA AF 00 2D 00 04 0C 15 00 00 00 00 00 00 00 00 00 19 0C 16 00 00 00 00 00 00 00 00 00 1A 08 17 00 00 01 1E 02 02 07 18 00 01 01 00 1F
FA AF 00 2D 00 04 0C 15 00 00 00 00 00 00 00 00 00 19 0C 16 00 00 00 00 00 00 00 00 00 1A 08 17 00 00 01 1B 02 07 07 18 00 01 01 00 1F
FA AF 00 2D 00 04 0C 15 00 00 00 00 00 00 00 00 00 19 0C 16 00 00 00 00 00 00 00 00 00 1A 08 17 00 00 01 1B 02 07 07 18 00 01 01 00 1F
FA AF 00 2D 00 04 0C 15 00 00 00 00 00 00 00 00 00 19 0C 16 00 00 00 00 00 00 00 00 00 1A 08 17 00 00 01 1F 02 03 07 18 00 01 01 00 1F
FA AF 00 2D 00 04 0C 15 00 00 00 00 00 00 00 00 00 19 0C 16 00 00 00 00 00 00 00 00 00 1A 08 17 00 00 01 1B 02 07 07 18 00 01 01 00 1F
FA AF 00 2D 00 04 0C 15 00 00 00 00 00 00 00 00 00 19 0C 16 00 00 00 00 00 00 00 00 00 1A 08 17 00 00 01 1F 02 03 07 18 00 01 01 00 1F
FA AF 00 2D 00 04 0C 15 00 00 00 00 00 00 00 00 00 19 0C 16 00 00 00 00 00 00 00 00 00 1A 08 17 00 00 01 1B 02 07 07 18 00 01 01 00 1F
FA AF 00 2D 00 04 0C 15 00 00 00 00 00 00 00 00 00 19 0C 16 00 00 00 00 00 00 00 00 00 1A 08 17 00 00 01 1C 02 00 07 18 00 01 01 00 1F
FA AF 00 2D 00 04 0C 15 00 00 00 00 00 00 00 00 00 19 0C 16 00 00 00 00 00 00 00 00 00 1A 08 17 00 00 01 19 02 05 07 18 00 01 01 00 1F
FA AF 00 2D 00 04 0C 15 00 00 00 00 00 00 00 00 00 19 0C 16 00 00 00 00 00 00 00 00 00 1A 08 17 00 00 01 1F 02 03 07 18 00 01 01 00 1F
FA AF 00 2D 00 04 0C 15 00 00 00 00 00 00 00 00 00 19 0C 16 00 00 00 00 00 00 00 00 00 1A 08 17 00 00 01 1C 02 00 07 18 00 01 01 00 1F
FA AF 00 2D 00 04 0C 15 00 00 00 00 00 00 00 00 00 19 0C 16 00 00 00 00 00 00 00 00 00 1A 08 17 00 00 01 1F 02 03 07 18 00 01 01 00 1F
FA AF 00 2D 00 04 0C 15 00 00 00 00 00 00 00 00 00 19 0C 16 00 00 00 00 00 00 00 00 00 1A 08 17 00 00 01 1E 02 02 07 18 00 01 01 00 1F
FA AF 00 2D 00 04 0C 15 00 00 00 00 00 00 00 00 00 19 0C 16 00 00 00 00 00 00 00 00 00 1A 08 17 00 00 01 1D 02 01 07 18 00 01 01 00 1F
FA AF 00 2D 00 04 0C 15 00 00 00 00 00 00 00 00 00 19 0C 16 00 00 00 00 00 00 00 00 00 1A 08 17 00 00 01 1C 02 00 07 18 00 01 01 00 1F
FA AF 00 2D 00 04 0C 15 00 00 00 00 00 00 00 00 00 19 0C 16 00 00 00 00 00 00 00 00 00 1A 08 17 00 00 01 1E 02 02 07 18 00 01 01 00 1F
FA AF 00 2D 00 04 0C 15 00 00 00 00 00 00 00 00 00 19 0C 16 00 00 00 00 00 00 00 00 00 1A 08 17 00 00 01 19 02 05 07 18 00 01 01 00 1F
FA AF 00 2D 00 04 0C 15 00 00 00 00 00 00 00 00 00 19 0C 16 00 00 00 00 00 00 00 00 00 1A 08 17 00 00 01 1D 02 01 07 18 00 01 01 00 1F
FA AF 00 2D 00 04 0C 15 00 00 00 00 00 00 00 00 00 19 0C 16 00 00 00 00 00 00 00 00 00 1A 08 17 00 00 01 1E 02 02 07 18 00 01 01 00 1F
FA AF 00 2D 00 04 0C 15 00 00 00 00 00 00 00 00 00 19 0C 16 00 00 00 00 00 00 00 00 00 1A 08 17 00 00 01 1B 02 07 07 18 00 01 01 00 1F
FA AF 00 2D 00 04 0C 15 00 00 00 00 00 00 00 00 00 19 0C 16 00 00 00 00 00 00 00 00 00 1A 08 17 00 00 01 1F 02 03 07 18 00 01 01 00 1F
FA AF 00 2D 00 04 0C 15 00 00 00 00 00 00 00 00 00 19 0C 16 00 00 00 00 00 00 00 00 00 1A 08 17 00 00 01 18 02 04 07 18 00 01 01 00 1F
FA AF 00 2D 00 04 0C 15 00 00 00 00 00 00 00 00 00 19 0C 16 00 00 00 00 00 00 00 00 00 1A 08 17 00 00 01 1F 02 03 07 18 00 01 01 00 1F
FA AF 00 2D 00 04 0C 15 00 00 00 00 00 00 00 00 00 19 0C 16 00 00 00 00 00 00 00 00 00 1A 08 17 00 00 01 19 02 05 07 18 00 01 01 00 1F
FA AF 00 2D 00 04 0C 15 00 00 00 00 00 00 00 00 00 19 0C 16 00 00 00 00 00 00 00 00 00 1A 08 17 00 00 01 19 02 05 07 18 00 01 01 00 1F
FA AF 00 2D 00 04 0C 15 00 00 00 00 00 00 00 00 00 19 0C 16 00 00 00 00 00 00 00 00 00 1A 08 17 00 00 01 21 02 3D 07 18 00 01 01 00 1F
FA AF 00 2D 00 04 0C 15 00 00 00 00 00 00 00 00 00 19 0C 16 00 00 00 00 00 00 00 00 00 1A 08 17 00 00 01 19 02 05 07 18 00 01 01 00 1F
FA AF 00 2D 00 04 0C 15 00 00 00 00 00 00 00 00 00 19 0C 16 00 00 00 00 00 00 00 00 00 1A 08 17 00 00 01 1A 02 06 07 18 00 01 01 00 1F
FA AF 00 2D 00 04 0C 15 00 00 00 00 00 00 00 00 00 19 0C 16 00 00 00 00 00 00 00 00 00 1A 08 17 00 00 01 1B 02 07 07 18 00 01 01 00 1F
FA AF 00 2D 00 04 0C 15 00 00 00 00 00 00 00 00 00 19 0C 16 00 00 00 00 00 00 00 00 00 1A 08 17 00 00 01 1A 02 06 07 18 00 01 01 00 1F
FA AF 00 2D 00 04 0C 15 00 00 00 00 00 00 00 00 00 19 0C 16 00 00 00 00 00 00 00 00 00 1A 08 17 00 00 01 21 02 3D 07 18 00 01 01 00 1F
FA AF 00 2D 00 04 0C 15 00 00 00 00 00 00 00 00 00 19 0C 16 00 00 00 00 00 00 00 00 00 1A 08 17 00 00 01 19 02 05 07 18 00 01 01 00 1F
FA AF 00 2D 00 04 0C 15 00 00 00 00 00 00 00 00 00 19 0C 16 00 00 00 00 00 00 00 00 00 1A 08 17 00 00 01 1E 02 02 07 18 00 01 01 00 1F
FA AF 00 2D 00 04 0C 15 00 00 00 00 00 00 00 00 00 19 0C 16 00 00 00 00 00 00 00 00 00 1A 08 17 00 00 01 1C 02 00 07 18 00 01 01 00 1F
FA AF 00 2D 00 04 0C 15 00 00 00 00 00 00 00 00 00 19 0C 16 00 00 00 00 00 00 00 00 00 1A 08 17 00 00 01 1B 02 07 07 18 00 01 01 00 1F
FA AF 00 2D 00 04 0C 15 00 00 00 00 00 00 00 00 00 19 0C 16 00 00 00 00 00 00 00 00 00 1A 08 17 00 00 01 22 02 3E 07 18 00 01 01 00 1F
FA AF 00 2D 00 04 0C 15 00 00 00 00 00 00 00 00 00 19 0C 16 00 00 00 00 00 00 00 00 00 1A 08 17 00 00 01 1A 02 06 07 18 00 01 01 00 1F
FA AF 00 2D 00 04 0C 15 00 00 00 00 00 00 00 00 00 19 0C 16 00 00 00 00 00 00 00 00 00 1A 08 17 00 00 01 1D 02 01 07 18 00 01 01 00 1F
FA AF 00 2D 00 04 0C 15 00 00 00 00 00 00 00 00 00 19 0C 16 00 00 00 00 00 00 00 00 00 1A 08 17 00 00 01 1C 02 00 07 18 00 01 01 00 1F
FA AF 00 2D 00 04 0C 15 00 00 00 00 00 00 00 00 00 19 0C 16 00 00 00 00 00 00 00 00 00 1A 08 17 00 00 01 1C 02 00 07 18 00 01 01 00 1F
FA AF 00 2D 00 04 0C 15 00 00 00 00 00 00 00 00 00 19 0C 16 00 00 00 00 00 00 00 00 00 1A 08 17 00 00 01 1C 02 00 07 18 00 01 01 00 1F
FA AF 00 2D 00 04 0C 15 00 00 00 00 00 00 00 00 00 19 0C 16 00 00 00 00 00 00 00 00 00 1A 08 17 00 00 01 19 02 05 07 18 00 01 01 00 1F
FA AF 00 2D 00 04 0C 15 00 00 00 00 00 00 00 00 00 19 0C 16 00 00 00 00 00 00 00 00 00 1A 08 17 00 00 01 1C 02 00 07 18 00 01 01 00 1F
FA AF 00 2D 00 04 0C 15 00 00 00 00 00 00 00 00 00 19 0C 16 00 00 00 00 00 00 00 00 00 1A 08 17 00 00 01 1B 02 07 07 18 00 01 01 00 1F
FA AF 00 2D 00 04 0C 15 00 00 00 00 00 00 00 00 00 19 0C 16 FF FF FF FF 00 00 00 00 00 1A 08 17 00 00 01 1F 02 03 07 18 00 01 01 00 1F
FA AF 00 2D 00 04 0C 15 00 00 00 00 00 00 00 00 00 19 0C 16 00 00 00 00 00 00 00 00 00 1A 08 17 00 00 01 19 02 05 07 18 00 01 01 00 1F
FA AF 00 2D 00 04 0C 15 00 00 00 00 00 00 00 00 00 19 0C 16 FF FF FF FF 00 00 00 00 00 1A 08 17 00 00 01 1F 02 03 07 18 00 01 01 00 1F
FA AF 00 2D 00 04 0C 15 00 00 00 00 00 00 00 00 00 19 0C 16 FF FF FF FF 00 00 00 00 00 1A 08 17 00 00 01 1C 02 00 07 18 00 01 01 00 1F
FA AF 00 2D 00 04 0C 15 00 00 00 00 00 00 00 00 00 19 0C 16 00 00 00 00 00 00 00 00 00 1A 08 17 00 00 01 1B 02 07 07 18 00 01 01 00 1F
FA AF 00 2D 00 04 0C 15 00 00 00 00 00 00 00 00 00 19 0C 16 00 00 00 00 00 00 00 00 00 1A 08 17 00 00 01 1E 02 02 07 18 00 01 01 00 1F
FA AF 00 2D 00 04 0C 15 00 00 00 00 00 00 00 00 00 19 0C 16 00 00 00 00 00 00 00 00 00 1A 08 17 00 00 01 18 02 04 07 18 00 01 01 00 1F
FA AF 00 2D 00 04 0C 15 00 00 00 00 00 00 00 00 00 19 0C 16 FF FF FF FF 00 00 00 00 00 1A 08 17 00 00 01 1F 02 03 07 18 00 01 01 00 1F
FA AF 00 2D 00 04 0C 15 00 00 00 00 00 00 00 00 00 19 0C 16 00 00 00 00 00 00 00 00 00 1A 08 17 00 00 01 1D 02 01 07 18 00 01 01 00 1F
FA AF 00 2D 00 04 0C 15 00 00 00 00 00 00 00 00 00 19 0C 16 00 00 00 00 00 00 00 00 00 1A 08 17 00 00 01 1D 02 01 07 18 00 01 01 00 1F
FA AF 00 2D 00 04 0C 15 00 00 00 00 00 00 00 00 00 19 0C 16 FF FF FF FF 00 00 00 00 00 1A 08 17 00 00 01 1D 02 01 07 18 00 01 01 00 1F
FA AF 00 2D 00 04 0C 15 00 00 00 00 00 00 00 00 00 19 0C 16 00 00 00 00 00 00 00 00 00 1A 08 17 00 00 01 1A 02 06 07 18 00 01 01 00 1F
FA AF 00 2D 00 04 0C 15 00 00 00 00 00 00 00 00 00 19 0C 16 00 00 00 00 00 00 00 00 00 1A 08 17 00 00 01 20 02 3C 07 18 00 01 01 00 1F
FA AF 00 2D 00 04 0C 15 00 00 00 00 00 00 00 00 00 19 0C 16 00 00 00 00 00 00 00 00 00 1A 08 17 00 00 01 19 02 05 07 18 00 01 01 00 1F
FA AF 00 2D 00 04 0C 15 00 00 00 00 00 00 00 00 00 19 0C 16 00 00 00 00 00 00 00 00 00 1A 08 17 00 00 01 1C 02 00 07 18 00 01 01 00 1F
FA AF 00 2D 00 04 0C 15 00 00 00 00 00 00 00 00 00 19 0C 16 00 00 00 00 00 00 00 00 00 1A 08 17 00 00 01 1D 02 01 07 18 00 01 01 00 1F
FA AF 00 2D 00 04 0C 15 00 00 00 00 00 00 00 00 00 19 0C 16 FF FF FF FF 00 00 00 00 00 1A 08 17 00 00 01 1D 02 01 07 18 00 01 01 00 1F
FA AF 00 2D 00 04 0C 15 00 00 00 00 00 00 00 00 00 19 0C 16 00 00 00 00 00 00 00 00 00 1A 08 17 00 00 01 21 02 3D 07 18 00 01 01 00 1F
FA AF 00 2D 00 04 0C 15 00 00 00 00 00 00 00 00 00 19 0C 16 00 00 00 00 00 00 00 00 00 1A 08 17 00 00 01 18 02 04 07 18 00 01 01 00 1F
FA AF 00 2D 00 04 0C 15 00 00 00 00 00 00 00 00 00 19 0C 16 00 00 00 00 00 00 00 00 00 1A 08 17 00 00 01 1C 02 00 07 18 00 01 01 00 1F
FA AF 00 2D 00 04 0C 15 00 00 00 00 00 00 00 00 00 19 0C 16 00 00 00 00 00 00 00 00 00 1A 08 17 00 00 01 1B 02 07 07 18 00 01 01 00 1F
FA AF 00 2D 00 04 0C 15 00 00 00 00 00 00 00 00 00 19 0C 16 00 00 00 00 00 00 00 00 00 1A 08 17 00 00 01 1C 02 00 07 18 00 01 01 00 1F
