### C10-MOVE App-reassembliert  Frames=356
FA AF 00 2D 00 04 0C 15 00 00 00 00 00 00 00 00 00 19 0C 16 00 00 00 00 00 00 00 00 00 1A 08 17 00 00 02 06 01 1A 07 18 00 01 01 00 1F
FA AF 00 2D 00 04 0C 15 00 00 00 00 00 00 00 00 00 19 0C 16 00 00 00 00 00 00 00 00 00 1A 08 17 00 00 02 03 01 1F 07 18 00 01 01 00 1F
FA AF 00 2D 00 04 0C 15 00 00 00 00 00 00 00 00 00 19 0C 16 00 00 00 00 00 00 00 00 00 1A 08 17 00 00 02 05 01 19 07 18 00 01 01 00 1F
FA AF 00 2D 00 04 0C 15 00 00 00 00 00 00 00 00 00 19 0C 16 00 00 00 00 00 00 00 00 00 1A 08 17 00 00 02 08 01 14 07 18 00 01 01 00 1F
FA AF 00 2D 00 04 0C 15 00 00 00 00 00 00 00 00 00 19 0C 16 00 00 00 00 00 00 00 00 00 1A 08 17 00 00 02 04 01 18 07 18 00 01 01 00 1F
FA AF 00 2D 00 04 0C 15 00 00 00 00 00 00 00 00 00 19 0C 16 00 00 00 00 00 00 00 00 00 1A 08 17 00 00 02 0B 01 17 07 18 00 01 01 00 1F
FA AF 00 2D 00 04 0C 15 00 00 00 00 00 00 00 00 00 19 0C 16 00 00 00 01 00 00 00 00 00 1B 08 17 00 00 02 05 01 19 07 18 00 01 01 00 1F
FA AF 00 2D 00 04 0C 15 00 00 00 00 00 00 00 00 00 19 0C 16 00 00 00 00 00 00 00 00 00 1A 08 17 00 00 02 03 01 1F 07 18 00 01 01 00 1F
FA AF 00 2D 00 04 0C 15 00 00 00 00 00 00 00 00 00 19 0C 16 00 00 00 00 00 00 00 00 00 1A 08 17 00 00 02 02 01 1E 07 18 00 01 01 00 1F
FA AF 00 2D 00 04 0C 15 00 00 00 00 00 00 00 00 00 19 0C 16 00 00 00 00 00 00 00 00 00 1A 08 17 00 00 02 07 01 1B 07 18 00 01 01 00 1F
FA AF 00 2D 00 04 0C 15 00 00 00 00 00 00 00 00 00 19 0C 16 00 00 00 00 00 00 00 00 00 1A 08 17 00 00 02 05 01 19 07 18 00 01 01 00 1F
FA AF 00 2D 00 04 0C 15 00 00 00 00 00 00 00 00 00 19 0C 16 00 00 00 00 00 00 00 00 00 1A 08 17 00 00 02 04 01 18 07 18 00 01 01 00 1F
FA AF 00 2D 00 04 0C 15 00 00 00 00 00 00 00 00 00 19 0C 16 00 00 00 01 00 00 00 00 00 1B 08 17 00 00 02 08 01 14 07 18 00 01 01 00 1F
FA AF 00 2D 00 04 0C 15 00 00 00 00 00 00 00 00 00 19 0C 16 00 00 00 01 00 00 00 00 00 1B 08 17 00 00 02 04 01 18 07 18 00 01 01 00 1F
FA AF 00 2D 00 04 0C 15 00 00 00 00 00 00 00 00 00 19 0C 16 00 00 00 00 00 00 00 00 00 1A 08 17 00 00 02 05 01 19 07 18 00 01 01 00 1F
FA AF 00 2D 00 04 0C 15 00 00 00 00 00 00 00 00 00 19 0C 16 00 00 00 00 00 00 00 00 00 1A 08 17 00 00 02 04 01 18 07 18 00 01 01 00 1F
FA AF 00 2D 00 04 0C 15 00 00 00 00 00 00 00 00 00 19 0C 16 00 00 00 00 00 00 00 00 00 1A 08 17 00 00 02 04 01 18 07 18 00 01 01 00 1F
FA AF 00 2D 00 04 0C 15 00 00 00 00 00 00 00 00 00 19 0C 16 00 00 00 00 00 00 00 00 00 1A 08 17 00 00 02 04 01 18 07 18 00 01 01 00 1F
FA AF 00 2D 00 04 0C 15 00 00 00 00 00 00 00 00 00 19 0C 16 00 00 00 01 00 00 00 00 00 1B 08 17 00 00 02 04 01 18 07 18 00 01 01 00 1F
FA AF 00 2D 00 04 0C 15 00 00 00 00 00 00 00 00 00 19 0C 16 00 00 00 00 00 00 00 00 00 1A 08 17 00 00 02 0D 01 11 07 18 00 01 01 00 1F
FA AF 00 2D 00 04 0C 15 00 00 00 00 00 00 00 00 00 19 0C 16 00 00 00 00 00 00 00 00 00 1A 08 17 00 00 02 04 01 18 07 18 00 01 01 00 1F
FA AF 00 2D 00 04 0C 15 00 00 00 00 00 00 00 00 00 19 0C 16 00 00 00 00 00 00 00 00 00 1A 08 17 00 00 02 09 01 15 07 18 00 01 01 00 1F
FA AF 00 2D 00 04 0C 15 00 00 00 00 00 00 00 00 00 19 0C 16 00 00 00 00 00 00 00 00 00 1A 08 17 00 00 02 06 01 1A 07 18 00 01 01 00 1F
FA AF 00 2D 00 04 0C 15 00 00 00 00 00 00 00 00 00 19 0C 16 00 00 00 01 00 00 00 00 00 1B 08 17 00 00 02 05 01 19 07 18 00 01 01 00 1F
FA AF 00 2D 00 04 0C 15 00 00 00 00 00 00 00 00 00 19 0C 16 00 00 00 00 00 00 00 00 00 1A 08 17 00 00 02 06 01 1A 07 18 00 01 01 00 1F
FA AF 00 2D 00 04 0C 15 00 00 00 00 00 00 00 00 00 19 0C 16 00 00 00 00 00 00 00 00 00 1A 08 17 00 00 02 07 01 1B 07 18 00 01 01 00 1F
FA AF 00 2D 00 04 0C 15 00 00 00 00 00 00 00 00 00 19 0C 16 00 00 00 00 00 00 00 00 00 1A 08 17 00 00 02 06 01 1A 07 18 00 01 01 00 1F
FA AF 00 2D 00 04 0C 15 00 00 00 00 00 00 00 00 00 19 0C 16 00 00 00 00 00 00 00 00 00 1A 08 17 00 00 02 02 01 1E 07 18 00 01 01 00 1F
FA AF 00 2D 00 04 0C 15 00 00 00 00 00 00 00 00 00 19 0C 16 00 00 00 00 00 00 00 00 00 1A 08 17 00 00 02 05 01 19 07 18 00 01 01 00 1F
FA AF 00 2D 00 04 0C 15 00 00 00 00 00 00 00 00 00 19 0C 16 00 00 00 00 00 00 00 00 00 1A 08 17 00 00 02 04 01 18 07 18 00 01 01 00 1F
FA AF 00 2D 00 04 0C 15 00 00 00 00 00 00 00 00 00 19 0C 16 00 00 00 00 00 00 00 00 00 1A 08 17 00 00 02 03 01 1F 07 18 00 01 01 00 1F
FA AF 00 2D 00 04 0C 15 00 00 00 00 00 00 00 00 00 19 0C 16 00 00 00 00 00 00 00 00 00 1A 08 17 00 00 02 0E 01 12 07 18 00 01 01 00 1F
FA AF 00 2D 00 04 0C 15 00 00 00 00 00 00 00 00 00 19 0C 16 00 00 00 00 00 00 00 00 00 1A 08 17 00 00 02 03 01 1F 07 18 00 01 01 00 1F
FA AF 00 2D 00 04 0C 15 00 00 00 00 00 00 00 00 00 19 0C 16 FF FF FF FF 00 00 00 00 00 1A 08 17 00 00 02 04 01 18 07 18 00 01 01 00 1F
FA AF 00 2D 00 04 0C 15 00 00 00 00 00 00 00 00 00 19 0C 16 00 00 00 00 00 00 00 00 00 1A 08 17 00 00 02 03 01 1F 07 18 00 01 01 00 1F
FA AF 00 2D 00 04 0C 15 00 00 00 00 00 00 00 00 00 19 0C 16 00 00 00 00 00 00 00 00 00 1A 08 17 00 00 02 01 01 1D 07 18 00 01 01 00 1F
FA AF 00 2D 00 04 0C 15 00 00 00 00 00 00 00 00 00 19 0C 16 00 00 00 00 00 00 00 00 00 1A 08 17 00 00 02 01 01 1D 07 18 00 01 01 00 1F
FA AF 00 2D 00 04 0C 15 00 00 00 00 00 00 00 00 00 19 0C 16 00 00 00 00 00 00 00 00 00 1A 08 17 00 00 02 0D 01 11 07 18 00 01 01 00 1F
FA AF 00 2D 00 04 0C 15 00 00 00 00 00 00 00 00 00 19 0C 16 00 00 00 00 00 00 00 00 00 1A 08 17 00 00 02 08 01 14 07 18 00 01 01 00 1F
FA AF 00 2D 00 04 0C 15 00 00 00 00 00 00 00 00 00 19 0C 16 00 00 00 00 00 00 00 00 00 1A 08 17 00 00 02 03 01 1F 07 18 00 01 01 00 1F
FA AF 00 2D 00 04 0C 15 00 00 00 00 00 00 00 00 00 19 0C 16 FF FF FF FF 00 00 00 00 00 1A 08 17 00 00 02 04 01 18 07 18 00 01 01 00 1F
FA AF 00 2D 00 04 0C 15 00 00 00 00 00 00 00 00 00 19 0C 16 00 00 00 01 00 00 00 00 00 1B 08 17 00 00 02 04 01 18 07 18 00 01 01 00 1F
FA AF 00 2D 00 04 0C 15 00 00 00 00 00 00 00 00 00 19 0C 16 00 00 00 00 00 00 00 00 00 1A 08 17 00 00 02 04 01 18 07 18 00 01 01 00 1F
FA AF 00 2D 00 04 0C 15 00 00 00 00 00 00 00 00 00 19 0C 16 00 00 00 00 00 00 00 00 00 1A 08 17 00 00 02 06 01 1A 07 18 00 01 01 00 1F
FA AF 00 2D 00 04 0C 15 00 00 00 00 00 00 00 00 00 19 0C 16 00 00 00 00 00 00 00 00 00 1A 08 17 00 00 02 00 01 1C 07 18 00 01 01 00 1F
FA AF 00 2D 00 04 0C 15 00 00 00 00 00 00 00 00 00 19 0C 16 00 00 00 00 00 00 00 00 00 1A 08 17 00 00 02 0C 01 10 07 18 00 01 01 00 1F
FA AF 00 2D 00 04 0C 15 00 00 00 00 00 00 00 00 00 19 0C 16 00 00 00 00 00 00 00 00 00 1A 08 17 00 00 02 01 01 1D 07 18 00 01 01 00 1F
FA AF 00 2D 00 04 0C 15 00 00 00 00 00 00 00 00 00 19 0C 16 00 00 00 00 00 00 00 00 00 1A 08 17 00 00 02 0C 01 10 07 18 00 01 01 00 1F
FA AF 00 2D 00 04 0C 15 00 00 00 00 00 00 00 00 00 19 0C 16 00 00 00 00 00 00 00 00 00 1A 08 17 00 00 02 04 01 18 07 18 00 01 01 00 1F
FA AF 00 2D 00 04 0C 15 00 00 00 00 00 00 00 00 00 19 0C 16 00 00 00 00 00 00 00 00 00 1A 08 17 00 00 02 07 01 1B 07 18 00 01 01 00 1F
FA AF 00 2D 00 04 0C 15 00 00 00 00 00 00 00 00 00 19 0C 16 00 00 00 01 00 00 00 00 00 1B 08 17 00 00 02 03 01 1F 07 18 00 01 01 00 1F
FA AF 00 2D 00 04 0C 15 00 00 00 00 00 00 00 00 00 19 0C 16 00 00 00 01 00 00 00 00 00 1B 08 17 00 00 02 03 01 1F 07 18 00 01 01 00 1F
FA AF 00 2D 00 04 0C 15 00 00 00 00 00 00 00 00 00 19 0C 16 00 00 00 00 00 00 00 00 00 1A 08 17 00 00 02 04 01 18 07 18 00 01 01 00 1F
FA AF 00 2D 00 04 0C 15 00 00 00 00 00 00 00 00 00 19 0C 16 00 00 00 00 00 00 00 00 00 1A 08 17 00 00 02 03 01 1F 07 18 00 01 01 00 1F
FA AF 00 2D 00 04 0C 15 00 00 00 00 00 00 00 00 00 19 0C 16 00 00 00 00 00 00 00 00 00 1A 08 17 00 00 02 0C 01 10 07 18 00 01 01 00 1F
FA AF 00 2D 00 04 0C 15 00 00 00 00 00 00 00 00 00 19 0C 16 00 00 00 00 00 00 00 00 00 1A 08 17 00 00 02 02 01 1E 07 18 00 01 01 00 1F
FA AF 00 2D 00 04 0C 15 00 00 00 00 00 00 00 00 00 19 0C 16 00 00 00 00 00 00 00 00 00 1A 08 17 00 00 02 04 01 18 07 18 00 01 01 00 1F
FA AF 00 2D 00 04 0C 15 00 00 00 00 00 00 00 00 00 19 0C 16 00 00 00 00 00 00 00 00 00 1A 08 17 00 00 02 05 01 19 07 18 00 01 01 00 1F
FA AF 00 2D 00 04 0C 15 00 00 00 00 00 00 00 00 00 19 0C 16 00 00 00 00 00 00 00 00 00 1A 08 17 00 00 02 04 01 18 07 18 00 01 01 00 1F
FA AF 00 2D 00 04 0C 15 00 00 00 00 00 00 00 00 00 19 0C 16 00 00 00 00 00 00 00 00 00 1A 08 17 00 00 02 08 01 14 07 18 00 01 01 00 1F
FA AF 00 2D 00 04 0C 15 00 00 00 00 00 00 00 00 00 19 0C 16 FF FF FF FF 00 00 00 00 00 1A 08 17 00 00 02 03 01 1F 07 18 00 01 01 00 1F
FA AF 00 2D 00 04 0C 15 00 00 00 00 00 00 00 00 00 19 0C 16 00 00 00 00 00 00 00 00 00 1A 08 17 00 00 02 0D 01 11 07 18 00 01 01 00 1F
FA AF 00 2D 00 04 0C 15 00 00 00 00 00 00 00 00 00 19 0C 16 00 00 00 00 00 00 00 00 00 1A 08 17 00 00 02 0B 01 17 07 18 00 01 01 00 1F
FA AF 00 2D 00 04 0C 15 00 00 00 00 00 00 00 00 00 19 0C 16 00 00 00 00 00 00 00 00 00 1A 08 17 00 00 02 09 01 15 07 18 00 01 01 00 1F
FA AF 00 2D 00 04 0C 15 00 00 00 00 00 00 00 00 00 19 0C 16 00 00 00 01 00 00 00 00 00 1B 08 17 00 00 02 06 01 1A 07 18 00 01 01 00 1F
FA AF 00 2D 00 04 0C 15 00 00 00 00 00 00 00 00 00 19 0C 16 00 00 00 01 00 00 00 00 00 1B 08 17 00 00 02 04 01 18 07 18 00 01 01 00 1F
FA AF 00 2D 00 04 0C 15 00 00 00 00 00 00 00 00 00 19 0C 16 00 00 00 00 00 00 00 00 00 1A 08 17 00 00 02 0A 01 16 07 18 00 01 01 00 1F
FA AF 00 2D 00 04 0C 15 00 00 00 00 00 00 00 00 00 19 0C 16 00 00 00 00 00 00 00 00 00 1A 08 17 00 00 02 04 01 18 07 18 00 01 01 00 1F
FA AF 00 2D 00 04 0C 15 00 00 00 00 00 00 00 00 00 19 0C 16 00 00 00 00 00 00 00 00 00 1A 08 17 00 00 02 0D 01 11 07 18 00 01 01 00 1F
FA AF 00 2D 00 04 0C 15 00 00 00 00 00 00 00 00 00 19 0C 16 00 00 00 00 00 00 00 00 00 1A 08 17 00 00 02 01 01 1D 07 18 00 01 01 00 1F
FA AF 00 2D 00 04 0C 15 00 00 00 00 00 00 00 00 00 19 0C 16 00 00 00 00 00 00 00 00 00 1A 08 17 00 00 02 05 01 19 07 18 00 01 01 00 1F
FA AF 00 2D 00 04 0C 15 00 00 00 00 00 00 00 00 00 19 0C 16 FF FF FF FF 00 00 00 00 00 1A 08 17 00 00 02 01 01 1D 07 18 00 01 01 00 1F
FA AF 00 2D 00 04 0C 15 00 00 00 00 00 00 00 00 00 19 0C 16 00 00 00 00 00 00 00 00 00 1A 08 17 00 00 02 02 01 1E 07 18 00 01 01 00 1F
FA AF 00 2D 00 04 0C 15 00 00 00 00 00 00 00 00 00 19 0C 16 00 00 00 00 00 00 00 00 00 1A 08 17 00 00 02 0D 01 11 07 18 00 01 01 00 1F
FA AF 00 2D 00 04 0C 15 00 00 00 00 00 00 00 00 00 19 0C 16 00 00 00 00 00 00 00 00 00 1A 08 17 00 00 02 06 01 1A 07 18 00 01 01 00 1F
FA AF 00 2D 00 04 0C 15 00 00 00 00 00 00 00 00 00 19 0C 16 00 00 00 00 00 00 00 00 00 1A 08 17 00 00 02 00 01 1C 07 18 00 01 01 00 1F
FA AF 00 2D 00 04 0C 15 00 00 00 00 00 00 00 00 00 19 0C 16 00 00 00 00 00 00 00 00 00 1A 08 17 00 00 02 04 01 18 07 18 00 01 01 00 1F
FA AF 00 2D 00 04 0C 15 00 00 00 00 00 00 00 00 00 19 0C 16 00 00 00 00 00 00 00 00 00 1A 08 17 00 00 02 02 01 1E 07 18 00 01 01 00 1F
FA AF 00 2D 00 04 0C 15 00 00 00 00 00 00 00 00 00 19 0C 16 00 00 00 00 00 00 00 00 00 1A 08 17 00 00 02 06 01 1A 07 18 00 01 01 00 1F
FA AF 00 2D 00 04 0C 15 00 00 00 00 00 00 00 00 00 19 0C 16 00 00 00 00 00 00 00 00 00 1A 08 17 00 00 02 01 01 1D 07 18 00 01 01 00 1F
FA AF 00 2D 00 04 0C 15 00 00 00 00 00 00 00 00 00 19 0C 16 00 00 00 00 00 00 00 00 00 1A 08 17 00 00 02 02 01 1E 07 18 00 01 01 00 1F
FA AF 00 2D 00 04 0C 15 00 00 00 00 00 00 00 00 00 19 0C 16 00 00 00 00 00 00 00 00 00 1A 08 17 00 00 02 08 01 14 07 18 00 01 01 00 1F
FA AF 00 2D 00 04 0C 15 00 00 00 00 00 00 00 00 00 19 0C 16 00 00 00 00 00 00 00 00 00 1A 08 17 00 00 02 08 01 14 07 18 00 01 01 00 1F
FA AF 00 2D 00 04 0C 15 00 00 00 00 00 00 00 00 00 19 0C 16 00 00 00 00 00 00 00 00 00 1A 08 17 00 00 01 FF 01 E0 07 18 00 01 01 00 1F
FA AF 00 2D 00 04 0C 15 00 00 00 00 00 00 00 00 00 19 0C 16 00 00 00 00 00 00 00 00 00 1A 08 17 00 00 02 02 01 1E 07 18 00 01 01 00 1F
FA AF 00 2D 00 04 0C 15 00 00 00 00 00 00 00 00 00 19 0C 16 00 00 00 00 00 00 00 00 00 1A 08 17 00 00 02 07 01 1B 07 18 00 01 01 00 1F
FA AF 00 2D 00 04 0C 15 00 00 00 00 00 00 00 00 00 19 0C 16 00 00 00 00 00 00 00 00 00 1A 08 17 00 00 02 04 01 18 07 18 00 01 01 00 1F
FA AF 00 2D 00 04 0C 15 00 00 00 00 00 00 00 00 00 19 0C 16 00 00 00 00 00 00 00 00 00 1A 08 17 00 00 02 0F 01 13 07 18 00 01 01 00 1F
FA AF 00 2D 00 04 0C 15 00 00 00 00 00 00 00 00 00 19 0C 16 00 00 00 00 00 00 00 00 00 1A 08 17 00 00 02 04 01 18 07 18 00 01 01 00 1F
FA AF 00 2D 00 04 0C 15 00 00 00 00 00 00 00 00 00 19 0C 16 00 00 00 00 00 00 00 00 00 1A 08 17 00 00 02 0A 01 16 07 18 00 01 01 00 1F
FA AF 00 2D 00 04 0C 15 00 00 00 00 00 00 00 00 00 19 0C 16 00 00 00 00 00 00 00 00 00 1A 08 17 00 00 02 03 01 1F 07 18 00 01 01 00 1F
FA AF 00 2D 00 04 0C 15 00 00 00 00 00 00 00 00 00 19 0C 16 00 00 00 01 00 00 00 00 00 1B 08 17 00 00 02 0C 01 10 07 18 00 01 01 00 1F
FA AF 00 2D 00 04 0C 15 00 00 00 00 00 00 00 00 00 19 0C 16 00 00 00 01 00 00 00 00 00 1B 08 17 00 00 02 07 01 1B 07 18 00 01 01 00 1F
FA AF 00 2D 00 04 0C 15 00 00 00 00 00 00 00 00 00 19 0C 16 00 00 00 00 00 00 00 00 00 1A 08 17 00 00 02 04 01 18 07 18 00 01 01 00 1F
FA AF 00 2D 00 04 0C 15 00 00 00 00 00 00 00 00 00 19 0C 16 00 00 00 00 00 00 00 00 00 1A 08 17 00 00 02 0C 01 10 07 18 00 01 01 00 1F
FA AF 00 2D 00 04 0C 15 00 00 00 00 00 00 00 00 00 19 0C 16 00 00 00 00 00 00 00 00 00 1A 08 17 00 00 02 06 01 1A 07 18 00 01 01 00 1F
FA AF 00 2D 00 04 0C 15 00 00 00 00 00 00 00 00 00 19 0C 16 00 00 00 01 00 00 00 00 00 1B 08 17 00 00 02 06 01 1A 07 18 00 01 01 00 1F
FA AF 00 2D 00 04 0C 15 00 00 00 00 00 00 00 00 00 19 0C 16 00 00 00 00 00 00 00 00 00 1A 08 17 00 00 02 0C 01 10 07 18 00 01 01 00 1F
FA AF 00 2D 00 04 0C 15 00 00 00 00 00 00 00 00 00 19 0C 16 00 00 00 00 00 00 00 00 00 1A 08 17 00 00 02 01 01 1D 07 18 00 01 01 00 1F
FA AF 00 2D 00 04 0C 15 00 00 00 00 00 00 00 00 00 19 0C 16 00 00 00 00 00 00 00 00 00 1A 08 17 00 00 02 08 01 14 07 18 00 01 01 00 1F
FA AF 00 2D 00 04 0C 15 00 00 00 00 00 00 00 00 00 19 0C 16 00 00 00 00 00 00 00 00 00 1A 08 17 00 00 02 03 01 1F 07 18 00 01 01 00 1F
FA AF 00 2D 00 04 0C 15 00 00 00 00 00 00 00 00 00 19 0C 16 00 00 00 01 00 00 00 00 00 1B 08 17 00 00 02 0A 01 16 07 18 00 01 01 00 1F
FA AF 00 2D 00 04 0C 15 00 00 00 00 00 00 00 00 00 19 0C 16 00 00 00 01 00 00 00 00 00 1B 08 17 00 00 02 01 01 1D 07 18 00 01 01 00 1F
FA AF 00 2D 00 04 0C 15 00 00 00 00 00 00 00 00 00 19 0C 16 00 00 00 01 00 00 00 00 00 1B 08 17 00 00 02 0B 01 17 07 18 00 01 01 00 1F
FA AF 00 2D 00 04 0C 15 00 00 00 00 00 00 00 00 00 19 0C 16 00 00 00 01 00 00 00 00 00 1B 08 17 00 00 02 04 01 18 07 18 00 01 01 00 1F
FA AF 00 2D 00 04 0C 15 00 00 00 00 00 00 00 00 00 19 0C 16 00 00 00 00 00 00 00 00 00 1A 08 17 00 00 02 04 01 18 07 18 00 01 01 00 1F
FA AF 00 2D 00 04 0C 15 00 00 00 00 00 00 00 00 00 19 0C 16 00 00 00 00 00 00 00 00 00 1A 08 17 00 00 02 03 01 1F 07 18 00 01 01 00 1F
FA AF 00 2D 00 04 0C 15 00 00 00 00 00 00 00 00 00 19 0C 16 00 00 00 00 00 00 00 00 00 1A 08 17 00 00 02 04 01 18 07 18 00 01 01 00 1F
FA AF 00 2D 00 04 0C 15 00 00 00 00 00 00 00 00 00 19 0C 16 00 00 00 00 00 00 00 00 00 1A 08 17 00 00 02 0F 01 13 07 18 00 01 01 00 1F
FA AF 00 2D 00 04 0C 15 00 00 00 00 00 00 00 00 00 19 0C 16 00 00 00 00 00 00 00 00 00 1A 08 17 00 00 02 07 01 1B 07 18 00 01 01 00 1F
FA AF 00 2D 00 04 0C 15 00 00 00 00 00 00 00 00 00 19 0C 16 00 00 00 00 00 00 00 00 00 1A 08 17 00 00 02 06 01 1A 07 18 00 01 01 00 1F
FA AF 00 2D 00 04 0C 15 00 00 00 00 00 00 00 00 00 19 0C 16 00 00 00 01 00 00 00 00 00 1B 08 17 00 00 02 03 01 1F 07 18 00 01 01 00 1F
FA AF 00 2D 00 04 0C 15 00 00 00 00 00 00 00 00 00 19 0C 16 00 00 00 00 00 00 00 00 00 1A 08 17 00 00 02 05 01 19 07 18 00 01 01 00 1F
FA AF 00 2D 00 04 0C 15 00 00 00 00 00 00 00 00 00 19 0C 16 00 00 00 00 00 00 00 00 00 1A 08 17 00 00 02 08 01 14 07 18 00 01 01 00 1F
FA AF 00 2D 00 04 0C 15 00 00 00 00 00 00 00 00 00 19 0C 16 00 00 00 00 00 00 00 00 00 1A 08 17 00 00 02 01 01 1D 07 18 00 01 01 00 1F
FA AF 00 2D 00 04 0C 15 00 00 00 00 00 00 00 00 00 19 0C 16 00 00 00 00 00 00 00 00 00 1A 08 17 00 00 02 02 01 1E 07 18 00 01 01 00 1F
FA AF 00 2D 00 04 0C 15 00 00 00 00 00 00 00 00 00 19 0C 16 00 00 00 01 00 00 00 00 00 1B 08 17 00 00 02 04 01 18 07 18 00 01 01 00 1F
FA AF 00 2D 00 04 0C 15 00 00 00 00 00 00 00 00 00 19 0C 16 00 00 00 00 00 00 00 00 00 1A 08 17 00 00 02 08 01 14 07 18 00 01 01 00 1F
FA AF 00 2D 00 04 0C 15 00 00 00 00 00 00 00 00 00 19 0C 16 00 00 00 00 00 00 00 00 00 1A 08 17 00 00 02 04 01 18 07 18 00 01 01 00 1F
FA AF 00 2D 00 04 0C 15 00 00 00 00 00 00 00 00 00 19 0C 16 00 00 00 00 00 00 00 00 00 1A 08 17 00 00 02 05 01 19 07 18 00 01 01 00 1F
FA AF 00 2D 00 04 0C 15 00 00 00 00 00 00 00 00 00 19 0C 16 00 00 00 00 00 00 00 00 00 1A 08 17 00 00 02 09 01 15 07 18 00 01 01 00 1F
FA AF 00 2D 00 04 0C 15 00 00 00 00 00 00 00 00 00 19 0C 16 00 00 00 00 00 00 00 00 00 1A 08 17 00 00 02 01 01 1D 07 18 00 01 01 00 1F
FA AF 00 2D 00 04 0C 15 00 00 00 00 00 00 00 00 00 19 0C 16 00 00 00 00 00 00 00 00 00 1A 08 17 00 00 02 07 01 1B 07 18 00 01 01 00 1F
FA AF 00 2D 00 04 0C 15 00 00 00 00 00 00 00 00 00 19 0C 16 00 00 00 00 00 00 00 00 00 1A 08 17 00 00 02 01 01 1D 07 18 00 01 01 00 1F
FA AF 00 2D 00 04 0C 15 00 00 00 00 00 00 00 00 00 19 0C 16 00 00 00 00 00 00 00 00 00 1A 08 17 00 00 02 09 01 15 07 18 00 01 01 00 1F
FA AF 00 2D 00 04 0C 15 00 00 00 00 00 00 00 00 00 19 0C 16 00 00 00 00 00 00 00 00 00 1A 08 17 00 00 02 04 01 18 07 18 00 01 01 00 1F
FA AF 00 2D 00 04 0C 15 00 00 00 00 00 00 00 00 00 19 0C 16 00 00 00 00 00 00 00 00 00 1A 08 17 00 00 02 04 01 18 07 18 00 01 01 00 1F
FA AF 00 2D 00 04 0C 15 00 00 00 00 00 00 00 00 00 19 0C 16 00 00 00 00 00 00 00 00 00 1A 08 17 00 00 02 02 01 1E 07 18 00 01 01 00 1F
FA AF 00 2D 00 04 0C 15 00 00 00 00 00 00 00 00 00 19 0C 16 00 00 00 00 00 00 00 00 00 1A 08 17 00 00 02 08 01 14 07 18 00 01 01 00 1F
FA AF 00 2D 00 04 0C 15 00 00 00 00 00 00 00 00 00 19 0C 16 00 00 00 00 00 00 00 00 00 1A 08 17 00 00 02 0D 01 11 07 18 00 01 01 00 1F
FA AF 00 2D 00 04 0C 15 00 00 00 00 00 00 00 00 00 19 0C 16 00 00 00 00 00 00 00 00 00 1A 08 17 00 00 02 01 01 1D 07 18 00 01 01 00 1F
FA AF 00 2D 00 04 0C 15 00 00 00 00 00 00 00 00 00 19 0C 16 00 00 00 00 00 00 00 00 00 1A 08 17 00 00 02 05 01 19 07 18 00 01 01 00 1F
FA AF 00 2D 00 04 0C 15 00 00 00 00 00 00 00 00 00 19 0C 16 00 00 00 00 00 00 00 00 00 1A 08 17 00 00 02 03 01 1F 07 18 00 01 01 00 1F
FA AF 00 2D 00 04 0C 15 00 00 00 00 00 00 00 00 00 19 0C 16 00 00 00 00 00 00 00 00 00 1A 08 17 00 00 02 08 01 14 07 18 00 01 01 00 1F
FA AF 00 2D 00 04 0C 15 00 00 00 00 00 00 00 00 00 19 0C 16 00 00 00 00 00 00 00 00 00 1A 08 17 00 00 02 0C 01 10 07 18 00 01 01 00 1F
FA AF 00 2D 00 04 0C 15 00 00 00 00 00 00 00 00 00 19 0C 16 00 00 00 00 00 00 00 00 00 1A 08 17 00 00 02 02 01 1E 07 18 00 01 01 00 1F
FA AF 00 2D 00 04 0C 15 00 00 00 00 00 00 00 00 00 19 0C 16 00 00 00 01 00 00 00 00 00 1B 08 17 00 00 02 0C 01 10 07 18 00 01 01 00 1F
FA AF 00 2D 00 04 0C 15 00 00 00 00 00 00 00 00 00 19 0C 16 00 00 00 00 00 00 00 00 00 1A 08 17 00 00 02 02 01 1E 07 18 00 01 01 00 1F
FA AF 00 2D 00 04 0C 15 00 00 00 00 00 00 00 00 00 19 0C 16 00 00 00 00 00 00 00 00 00 1A 08 17 00 00 02 04 01 18 07 18 00 01 01 00 1F
FA AF 00 2D 00 04 0C 15 00 00 00 00 00 00 00 00 00 19 0C 16 00 00 00 00 00 00 00 00 00 1A 08 17 00 00 02 02 01 1E 07 18 00 01 01 00 1F
FA AF 00 2D 00 04 0C 15 00 00 00 00 00 00 00 00 00 19 0C 16 00 00 00 00 00 00 00 00 00 1A 08 17 00 00 02 02 01 1E 07 18 00 01 01 00 1F
FA AF 00 2D 00 04 0C 15 00 00 00 00 00 00 00 00 00 19 0C 16 00 00 00 00 00 00 00 00 00 1A 08 17 00 00 02 08 01 14 07 18 00 01 01 00 1F
FA AF 00 2D 00 04 0C 15 00 00 00 00 00 00 00 00 00 19 0C 16 00 00 00 00 00 00 00 00 00 1A 08 17 00 00 02 01 01 1D 07 18 00 01 01 00 1F
FA AF 00 2D 00 04 0C 15 00 00 00 00 00 00 00 00 00 19 0C 16 00 00 00 00 00 00 00 00 00 1A 08 17 00 00 02 03 01 1F 07 18 00 01 01 00 1F
FA AF 00 2D 00 04 0C 15 00 00 00 00 00 00 00 00 00 19 0C 16 00 00 00 01 00 00 00 00 00 1B 08 17 00 00 02 02 01 1E 07 18 00 01 01 00 1F
FA AF 00 2D 00 04 0C 15 00 00 00 00 00 00 00 00 00 19 0C 16 00 00 00 00 00 00 00 00 00 1A 08 17 00 00 02 04 01 18 07 18 00 01 01 00 1F
FA AF 00 2D 00 04 0C 15 00 00 00 00 00 00 00 00 00 19 0C 16 00 00 00 00 00 00 00 00 00 1A 08 17 00 00 02 03 01 1F 07 18 00 01 01 00 1F
FA AF 00 2D 00 04 0C 15 00 00 00 00 00 00 00 00 00 19 0C 16 00 00 00 00 00 00 00 00 00 1A 08 17 00 00 02 04 01 18 07 18 00 01 01 00 1F
FA AF 00 2D 00 04 0C 15 00 00 00 00 00 00 00 00 00 19 0C 16 00 00 00 00 00 00 00 00 00 1A 08 17 00 00 02 0C 01 10 07 18 00 01 01 00 1F
FA AF 00 2D 00 04 0C 15 00 00 00 00 00 00 00 00 00 19 0C 16 00 00 00 00 00 00 00 00 00 1A 08 17 00 00 02 03 01 1F 07 18 00 01 01 00 1F
FA AF 00 2D 00 04 0C 15 00 00 00 00 00 00 00 00 00 19 0C 16 00 00 00 00 00 00 00 00 00 1A 08 17 00 00 02 04 01 18 07 18 00 01 01 00 1F
FA AF 00 2D 00 04 0C 15 00 00 00 00 00 00 00 00 00 19 0C 16 00 00 00 00 00 00 00 00 00 1A 08 17 00 00 02 04 01 18 07 18 00 01 01 00 1F
FA AF 00 2D 00 04 0C 15 00 00 00 00 00 00 00 00 00 19 0C 16 00 00 00 00 00 00 00 00 00 1A 08 17 00 00 02 06 01 1A 07 18 00 01 01 00 1F
FA AF 00 2D 00 04 0C 15 00 00 00 00 00 00 00 00 00 19 0C 16 00 00 00 00 00 00 00 00 00 1A 08 17 00 00 02 06 01 1A 07 18 00 01 01 00 1F
FA AF 00 2D 00 04 0C 15 00 00 00 00 00 00 00 00 00 19 0C 16 00 00 00 01 00 00 00 00 00 1B 08 17 00 00 02 04 01 18 07 18 00 01 01 00 1F
FA AF 00 2D 00 04 0C 15 00 00 00 00 00 00 00 00 00 19 0C 16 00 00 00 00 00 00 00 00 00 1A 08 17 00 00 02 02 01 1E 07 18 00 01 01 00 1F
FA AF 00 2D 00 04 0C 15 00 00 00 00 00 00 00 00 00 19 0C 16 00 00 00 00 00 00 00 00 00 1A 08 17 00 00 02 02 01 1E 07 18 00 01 01 00 1F
FA AF 00 2D 00 04 0C 15 00 00 00 00 00 00 00 00 00 19 0C 16 00 00 00 00 00 00 00 00 00 1A 08 17 00 00 02 04 01 18 07 18 00 01 01 00 1F
FA AF 00 2D 00 04 0C 15 00 00 00 00 00 00 00 00 00 19 0C 16 00 00 00 00 00 00 00 00 00 1A 08 17 00 00 02 04 01 18 07 18 00 01 01 00 1F
FA AF 00 2D 00 04 0C 15 00 00 00 00 00 00 00 00 00 19 0C 16 00 00 00 00 00 00 00 00 00 1A 08 17 00 00 02 09 01 15 07 18 00 01 01 00 1F
FA AF 00 2D 00 04 0C 15 00 00 00 00 00 00 00 00 00 19 0C 16 00 00 00 00 00 00 00 00 00 1A 08 17 00 00 02 05 01 19 07 18 00 01 01 00 1F
FA AF 00 2D 00 04 0C 15 00 00 00 00 00 00 00 00 00 19 0C 16 00 00 00 01 00 00 00 00 00 1B 08 17 00 00 02 05 01 19 07 18 00 01 01 00 1F
FA AF 00 2D 00 04 0C 15 00 00 00 00 00 00 00 00 00 19 0C 16 00 00 00 00 00 00 00 00 00 1A 08 17 00 00 02 0A 01 16 07 18 00 01 01 00 1F
FA AF 00 2D 00 04 0C 15 00 00 00 00 00 00 00 00 00 19 0C 16 00 00 00 00 00 00 00 00 00 1A 08 17 00 00 02 02 01 1E 07 18 00 01 01 00 1F
FA AF 00 2D 00 04 0C 15 00 00 00 00 00 00 00 00 00 19 0C 16 00 00 00 00 00 00 00 00 00 1A 08 17 00 00 02 04 01 18 07 18 00 01 01 00 1F
FA AF 00 2D 00 04 0C 15 00 00 00 00 00 00 00 00 00 19 0C 16 00 00 00 00 00 00 00 00 00 1A 08 17 00 00 02 03 01 1F 07 18 00 01 01 00 1F
FA AF 00 2D 00 04 0C 15 00 00 00 00 00 00 00 00 00 19 0C 16 00 00 00 01 00 00 00 00 00 1B 08 17 00 00 02 05 01 19 07 18 00 01 01 00 1F
FA AF 00 2D 00 04 0C 15 00 00 00 00 00 00 00 00 00 19 0C 16 00 00 00 00 00 00 00 00 00 1A 08 17 00 00 02 08 01 14 07 18 00 01 01 00 1F
FA AF 00 2D 00 04 0C 15 00 00 00 00 00 00 00 00 00 19 0C 16 FF FF FF FF 00 00 00 00 00 1A 08 17 00 00 02 03 01 1F 07 18 00 01 01 00 1F
FA AF 00 2D 00 04 0C 15 00 00 00 00 00 00 00 00 00 19 0C 16 00 00 00 00 00 00 00 00 00 1A 08 17 00 00 02 0B 01 17 07 18 00 01 01 00 1F
FA AF 00 2D 00 04 0C 15 00 00 00 00 00 00 00 00 00 19 0C 16 00 00 00 00 00 00 00 00 00 1A 08 17 00 00 02 02 01 1E 07 18 00 01 01 00 1F
FA AF 00 2D 00 04 0C 15 00 00 00 00 00 00 00 00 00 19 0C 16 00 00 00 00 00 00 00 00 00 1A 08 17 00 00 02 08 01 14 07 18 00 01 01 00 1F
FA AF 00 2D 00 04 0C 15 00 00 00 00 00 00 00 00 00 19 0C 16 00 00 00 00 00 00 00 00 00 1A 08 17 00 00 02 02 01 1E 07 18 00 01 01 00 1F
FA AF 00 2D 00 04 0C 15 00 00 00 00 00 00 00 00 00 19 0C 16 00 00 00 00 00 00 00 00 00 1A 08 17 00 00 02 06 01 1A 07 18 00 01 01 00 1F
FA AF 00 2D 00 04 0C 15 00 00 00 00 00 00 00 00 00 19 0C 16 00 00 00 00 00 00 00 00 00 1A 08 17 00 00 02 01 01 1D 07 18 00 01 01 00 1F
FA AF 00 2D 00 04 0C 15 00 00 00 00 00 00 00 00 00 19 0C 16 00 00 00 00 00 00 00 00 00 1A 08 17 00 00 02 03 01 1F 07 18 00 01 01 00 1F
FA AF 00 2D 00 04 0C 15 00 00 00 00 00 00 00 00 00 19 0C 16 00 00 00 00 00 00 00 00 00 1A 08 17 00 00 02 0D 01 11 07 18 00 01 01 00 1F
FA AF 00 2D 00 04 0C 15 00 00 00 00 00 00 00 00 00 19 0C 16 00 00 00 00 00 00 00 00 00 1A 08 17 00 00 02 07 01 1B 07 18 00 01 01 00 1F
FA AF 00 2D 00 04 0C 15 00 00 00 00 00 00 00 00 00 19 0C 16 00 00 00 00 00 00 00 00 00 1A 08 17 00 00 02 09 01 15 07 18 00 01 01 00 1F
FA AF 00 2D 00 04 0C 15 00 00 00 00 00 00 00 00 00 19 0C 16 00 00 00 00 00 00 00 00 00 1A 08 17 00 00 02 03 01 1F 07 18 00 01 01 00 1F
FA AF 00 2D 00 04 0C 15 00 00 00 00 00 00 00 00 00 19 0C 16 00 00 00 00 00 00 00 00 00 1A 08 17 00 00 02 06 01 1A 07 18 00 01 01 00 1F
FA AF 00 2D 00 04 0C 15 00 00 00 00 00 00 00 00 00 19 0C 16 00 00 00 00 00 00 00 00 00 1A 08 17 00 00 02 06 01 1A 07 18 00 01 01 00 1F
FA AF 00 2D 00 04 0C 15 00 00 00 00 00 00 00 00 00 19 0C 16 00 00 00 00 00 00 00 00 00 1A 08 17 00 00 02 08 01 14 07 18 00 01 01 00 1F
FA AF 00 2D 00 04 0C 15 00 00 00 00 00 00 00 00 00 19 0C 16 00 00 00 00 00 00 00 00 00 1A 08 17 00 00 02 03 01 1F 07 18 00 01 01 00 1F
FA AF 00 2D 00 04 0C 15 00 00 00 00 00 00 00 00 00 19 0C 16 00 00 00 00 00 00 00 00 00 1A 08 17 00 00 02 01 01 1D 07 18 00 01 01 00 1F
FA AF 00 2D 00 04 0C 15 00 00 00 00 00 00 00 00 00 19 0C 16 00 00 00 00 00 00 00 00 00 1A 08 17 00 00 02 0A 01 16 07 18 00 01 01 00 1F
FA AF 00 2D 00 04 0C 15 00 00 00 00 00 00 00 00 00 19 0C 16 00 00 00 00 00 00 00 00 00 1A 08 17 00 00 02 07 01 1B 07 18 00 01 01 00 1F
FA AF 00 2D 00 04 0C 15 00 00 00 00 00 00 00 00 00 19 0C 16 00 00 00 00 00 00 00 00 00 1A 08 17 00 00 02 04 01 18 07 18 00 01 01 00 1F
FA AF 00 2D 00 04 0C 15 00 00 00 00 00 00 00 00 00 19 0C 16 00 00 00 00 00 00 00 00 00 1A 08 17 00 00 02 08 01 14 07 18 00 01 01 00 1F
FA AF 00 2D 00 04 0C 15 00 00 00 00 00 00 00 00 00 19 0C 16 00 00 00 00 00 00 00 00 00 1A 08 17 00 00 02 05 01 19 07 18 00 01 01 00 1F
FA AF 00 2D 00 04 0C 15 00 00 00 00 00 00 00 00 00 19 0C 16 00 00 00 00 00 00 00 00 00 1A 08 17 00 00 02 0D 01 11 07 18 00 01 01 00 1F
FA AF 00 2D 00 04 0C 15 00 00 00 00 00 00 00 00 00 19 0C 16 00 00 00 00 00 00 00 00 00 1A 08 17 00 00 02 08 01 14 07 18 00 01 01 00 1F
FA AF 00 2D 00 04 0C 15 00 00 00 00 00 00 00 00 00 19 0C 16 00 00 00 00 00 00 00 00 00 1A 08 17 00 00 02 0A 01 16 07 18 00 01 01 00 1F
FA AF 00 2D 00 04 0C 15 00 00 00 00 00 00 00 00 00 19 0C 16 00 00 00 00 00 00 00 00 00 1A 08 17 00 00 02 05 01 19 07 18 00 01 01 00 1F
FA AF 00 2D 00 04 0C 15 00 00 00 00 00 00 00 00 00 19 0C 16 00 00 00 00 00 00 00 00 00 1A 08 17 00 00 02 0B 01 17 07 18 00 01 01 00 1F
FA AF 00 2D 00 04 0C 15 00 00 00 00 00 00 00 00 00 19 0C 16 00 00 00 00 00 00 00 00 00 1A 08 17 00 00 02 02 01 1E 07 18 00 01 01 00 1F
FA AF 00 2D 00 04 0C 15 00 00 00 00 00 00 00 00 00 19 0C 16 00 00 00 00 00 00 00 00 00 1A 08 17 00 00 02 02 01 1E 07 18 00 01 01 00 1F
FA AF 00 2D 00 04 0C 15 00 00 00 00 00 00 00 00 00 19 0C 16 00 00 00 00 00 00 00 00 00 1A 08 17 00 00 02 0D 01 11 07 18 00 01 01 00 1F
FA AF 00 2D 00 04 0C 15 00 00 00 00 00 00 00 00 00 19 0C 16 00 00 00 01 00 00 00 00 00 1B 08 17 00 00 02 04 01 18 07 18 00 01 01 00 1F
FA AF 00 2D 00 04 0C 15 00 00 00 00 00 00 00 00 00 19 0C 16 00 00 00 00 00 00 00 00 00 1A 08 17 00 00 02 0A 01 16 07 18 00 01 01 00 1F
FA AF 00 2D 00 04 0C 15 00 00 00 00 00 00 00 00 00 19 0C 16 00 00 00 00 00 00 00 00 00 1A 08 17 00 00 02 02 01 1E 07 18 00 01 01 00 1F
FA AF 00 2D 00 04 0C 15 00 00 00 00 00 00 00 00 00 19 0C 16 00 00 00 00 00 00 00 00 00 1A 08 17 00 00 02 05 01 19 07 18 00 01 01 00 1F
FA AF 00 2D 00 04 0C 15 00 00 00 00 00 00 00 00 00 19 0C 16 00 00 00 01 00 00 00 00 00 1B 08 17 00 00 02 07 01 1B 07 18 00 01 01 00 1F
FA AF 00 2D 00 04 0C 15 00 00 00 00 00 00 00 00 00 19 0C 16 00 00 00 00 00 00 00 00 00 1A 08 17 00 00 02 05 01 19 07 18 00 01 01 00 1F
FA AF 00 2D 00 04 0C 15 00 00 00 00 00 00 00 00 00 19 0C 16 00 00 00 00 00 00 00 00 00 1A 08 17 00 00 02 10 01 0C 07 18 00 01 01 00 1F
FA AF 00 2D 00 04 0C 15 00 00 00 00 00 00 00 00 00 19 0C 16 00 00 00 00 00 00 00 00 00 1A 08 17 00 00 02 04 01 18 07 18 00 01 01 00 1F
FA AF 00 2D 00 04 0C 15 00 00 00 00 00 00 00 00 00 19 0C 16 00 00 00 01 00 00 00 00 00 1B 08 17 00 00 02 08 01 14 07 18 00 01 01 00 1F
FA AF 00 2D 00 04 0C 15 00 00 00 00 00 00 00 00 00 19 0C 16 00 00 00 01 00 00 00 00 00 1B 08 17 00 00 02 02 01 1E 07 18 00 01 01 00 1F
FA AF 00 2D 00 04 0C 15 00 00 00 00 00 00 00 00 00 19 0C 16 00 00 00 00 00 00 00 00 00 1A 08 17 00 00 02 0C 01 10 07 18 00 01 01 00 1F
FA AF 00 2D 00 04 0C 15 00 00 00 00 00 00 00 00 00 19 0C 16 00 00 00 01 00 00 00 00 00 1B 08 17 00 00 02 09 01 15 07 18 00 01 01 00 1F
FA AF 00 2D 00 04 0C 15 00 00 00 00 00 00 00 00 00 19 0C 16 00 00 00 01 00 00 00 00 00 1B 08 17 00 00 02 09 01 15 07 18 00 01 01 00 1F
FA AF 00 2D 00 04 0C 15 00 00 00 00 00 00 00 00 00 19 0C 16 00 00 00 00 00 00 00 00 00 1A 08 17 00 00 02 0C 01 10 07 18 00 01 01 00 1F
FA AF 00 2D 00 04 0C 15 00 00 00 00 00 00 00 00 00 19 0C 16 00 00 00 00 00 00 00 00 00 1A 08 17 00 00 02 04 01 18 07 18 00 01 01 00 1F
FA AF 00 2D 00 04 0C 15 00 00 00 00 00 00 00 00 00 19 0C 16 00 00 00 00 00 00 00 00 00 1A 08 17 00 00 02 08 01 14 07 18 00 01 01 00 1F
FA AF 00 2D 00 04 0C 15 00 00 00 00 00 00 00 00 00 19 0C 16 00 00 00 01 00 00 00 00 00 1B 08 17 00 00 02 01 01 1D 07 18 00 01 01 00 1F
FA AF 00 2D 00 04 0C 15 00 00 00 00 00 00 00 00 00 19 0C 16 00 00 00 00 00 00 00 00 00 1A 08 17 00 00 02 03 01 1F 07 18 00 01 01 00 1F
FA AF 00 2D 00 04 0C 15 00 00 00 00 00 00 00 00 00 19 0C 16 00 00 00 00 00 00 00 00 00 1A 08 17 00 00 02 0A 01 16 07 18 00 01 01 00 1F
FA AF 00 2D 00 04 0C 15 00 00 00 00 00 00 00 00 00 19 0C 16 00 00 00 00 00 00 00 00 00 1A 08 17 00 00 02 04 01 18 07 18 00 01 01 00 1F
FA AF 00 2D 00 04 0C 15 00 00 00 00 00 00 00 00 00 19 0C 16 00 00 00 00 00 00 00 00 00 1A 08 17 00 00 02 0C 01 10 07 18 00 01 01 00 1F
FA AF 00 2D 00 04 0C 15 00 00 00 00 00 00 00 00 00 19 0C 16 00 00 00 00 00 00 00 00 00 1A 08 17 00 00 02 02 01 1E 07 18 00 01 01 00 1F
FA AF 00 2D 00 04 0C 15 00 00 00 00 00 00 00 00 00 19 0C 16 00 00 00 01 00 00 00 00 00 1B 08 17 00 00 02 09 01 15 07 18 00 01 01 00 1F
FA AF 00 2D 00 04 0C 15 00 00 00 00 00 00 00 00 00 19 0C 16 00 00 00 00 00 00 00 00 00 1A 08 17 00 00 02 04 01 18 07 18 00 01 01 00 1F
FA AF 00 2D 00 04 0C 15 00 00 00 00 00 00 00 00 00 19 0C 16 00 00 00 00 00 00 00 00 00 1A 08 17 00 00 02 04 01 18 07 18 00 01 01 00 1F
FA AF 00 2D 00 04 0C 15 00 00 00 00 00 00 00 00 00 19 0C 16 00 00 00 00 00 00 00 00 00 1A 08 17 00 00 02 09 01 15 07 18 00 01 01 00 1F
FA AF 00 2D 00 04 0C 15 00 00 00 00 00 00 00 00 00 19 0C 16 00 00 00 00 00 00 00 00 00 1A 08 17 00 00 02 00 01 1C 07 18 00 01 01 00 1F
FA AF 00 2D 00 04 0C 15 00 00 00 00 00 00 00 00 00 19 0C 16 00 00 00 00 00 00 00 00 00 1A 08 17 00 00 02 0B 01 17 07 18 00 01 01 00 1F
FA AF 00 2D 00 04 0C 15 00 00 00 00 00 00 00 00 00 19 0C 16 00 00 00 00 00 00 00 00 00 1A 08 17 00 00 01 FF 01 E0 07 18 00 01 01 00 1F
FA AF 00 2D 00 04 0C 15 00 00 00 00 00 00 00 00 00 19 0C 16 00 00 00 00 00 00 00 00 00 1A 08 17 00 00 02 08 01 14 07 18 00 01 01 00 1F
FA AF 00 2D 00 04 0C 15 00 00 00 00 00 00 00 00 00 19 0C 16 00 00 00 00 00 00 00 00 00 1A 08 17 00 00 02 04 01 18 07 18 00 01 01 00 1F
FA AF 00 2D 00 04 0C 15 00 00 00 00 00 00 00 00 00 19 0C 16 00 00 00 00 00 00 00 00 00 1A 08 17 00 00 02 04 01 18 07 18 00 01 01 00 1F
FA AF 00 2D 00 04 0C 15 00 00 00 00 00 00 00 00 00 19 0C 16 00 00 00 00 00 00 00 00 00 1A 08 17 00 00 02 06 01 1A 07 18 00 01 01 00 1F
FA AF 00 2D 00 04 0C 15 00 00 00 00 00 00 00 00 00 19 0C 16 00 00 00 01 00 00 00 00 00 1B 08 17 00 00 02 03 01 1F 07 18 00 01 01 00 1F
FA AF 00 2D 00 04 0C 15 00 00 00 00 00 00 00 00 00 19 0C 16 00 00 00 00 00 00 00 00 00 1A 08 17 00 00 02 0A 01 16 07 18 00 01 01 00 1F
FA AF 00 2D 00 04 0C 15 00 00 00 00 00 00 00 00 00 19 0C 16 00 00 00 00 00 00 00 00 00 1A 08 17 00 00 02 02 01 1E 07 18 00 01 01 00 1F
FA AF 00 2D 00 04 0C 15 00 00 00 00 00 00 00 00 00 19 0C 16 00 00 00 00 00 00 00 00 00 1A 08 17 00 00 02 05 01 19 07 18 00 01 01 00 1F
FA AF 00 2D 00 04 0C 15 00 00 00 00 00 00 00 00 00 19 0C 16 00 00 00 00 00 00 00 00 00 1A 08 17 00 00 01 FF 01 E0 07 18 00 01 01 00 1F
FA AF 00 2D 00 04 0C 15 00 00 00 00 00 00 00 00 00 19 0C 16 00 00 00 00 00 00 00 00 00 1A 08 17 00 00 02 03 01 1F 07 18 00 01 01 00 1F
FA AF 00 2D 00 04 0C 15 00 00 00 00 00 00 00 00 00 19 0C 16 00 00 00 00 00 00 00 00 00 1A 08 17 00 00 02 0D 01 11 07 18 00 01 01 00 1F
FA AF 00 2D 00 04 0C 15 00 00 00 00 00 00 00 00 00 19 0C 16 00 00 00 00 00 00 00 00 00 1A 08 17 00 00 02 0A 01 16 07 18 00 01 01 00 1F
FA AF 00 2D 00 04 0C 15 00 00 00 00 00 00 00 00 00 19 0C 16 00 00 00 01 00 00 00 00 00 1B 08 17 00 00 02 0E 01 12 07 18 00 01 01 00 1F
FA AF 00 2D 00 04 0C 15 00 00 00 00 00 00 00 00 00 19 0C 16 00 00 00 00 00 00 00 00 00 1A 08 17 00 00 02 02 01 1E 07 18 00 01 01 00 1F
FA AF 00 2D 00 04 0C 15 00 00 00 00 00 00 00 00 00 19 0C 16 00 00 00 00 00 00 00 00 00 1A 08 17 00 00 02 07 01 1B 07 18 00 01 01 00 1F
FA AF 00 2D 00 04 0C 15 00 00 00 00 00 00 00 00 00 19 0C 16 00 00 00 00 00 00 00 00 00 1A 08 17 00 00 02 07 01 1B 07 18 00 01 01 00 1F
FA AF 00 2D 00 04 0C 15 00 00 00 00 00 00 00 00 00 19 0C 16 00 00 00 00 00 00 00 00 00 1A 08 17 00 00 02 00 01 1C 07 18 00 01 01 00 1F
FA AF 00 2D 00 04 0C 15 00 00 00 00 00 00 00 00 00 19 0C 16 00 00 00 00 00 00 00 00 00 1A 08 17 00 00 02 09 01 15 07 18 00 01 01 00 1F
FA AF 00 2D 00 04 0C 15 00 00 00 00 00 00 00 00 00 19 0C 16 00 00 00 01 00 00 00 00 00 1B 08 17 00 00 02 01 01 1D 07 18 00 01 01 00 1F
FA AF 00 2D 00 04 0C 15 00 00 00 00 00 00 00 00 00 19 0C 16 00 00 00 00 00 00 00 00 00 1A 08 17 00 00 02 0B 01 17 07 18 00 01 01 00 1F
FA AF 00 2D 00 04 0C 15 00 00 00 00 00 00 00 00 00 19 0C 16 00 00 00 00 00 00 00 00 00 1A 08 17 00 00 02 09 01 15 07 18 00 01 01 00 1F
FA AF 00 2D 00 04 0C 15 00 00 00 00 00 00 00 00 00 19 0C 16 00 00 00 01 00 00 00 00 00 1B 08 17 00 00 02 05 01 19 07 18 00 01 01 00 1F
FA AF 00 2D 00 04 0C 15 00 00 00 00 00 00 00 00 00 19 0C 16 00 00 00 00 00 00 00 00 00 1A 08 17 00 00 02 07 01 1B 07 18 00 01 01 00 1F
FA AF 00 2D 00 04 0C 15 00 00 00 00 00 00 00 00 00 19 0C 16 00 00 00 00 00 00 00 00 00 1A 08 17 00 00 02 03 01 1F 07 18 00 01 01 00 1F
FA AF 00 2D 00 04 0C 15 00 00 00 00 00 00 00 00 00 19 0C 16 00 00 00 00 00 00 00 00 00 1A 08 17 00 00 02 0C 01 10 07 18 00 01 01 00 1F
FA AF 00 2D 00 04 0C 15 00 00 00 00 00 00 00 00 00 19 0C 16 00 00 00 00 00 00 00 00 00 1A 08 17 00 00 02 02 01 1E 07 18 00 01 01 00 1F
FA AF 00 2D 00 04 0C 15 00 00 00 00 00 00 00 00 00 19 0C 16 00 00 00 01 00 00 00 00 00 1B 08 17 00 00 02 0B 01 17 07 18 00 01 01 00 1F
FA AF 00 2D 00 04 0C 15 00 00 00 00 00 00 00 00 00 19 0C 16 00 00 00 00 00 00 00 00 00 1A 08 17 00 00 01 FF 01 E0 07 18 00 01 01 00 1F
FA AF 00 2D 00 04 0C 15 00 00 00 00 00 00 00 00 00 19 0C 16 00 00 00 00 00 00 00 00 00 1A 08 17 00 00 02 05 01 19 07 18 00 01 01 00 1F
FA AF 00 2D 00 04 0C 15 00 00 00 00 00 00 00 00 00 19 0C 16 00 00 00 01 00 00 00 00 00 1B 08 17 00 00 02 04 01 18 07 18 00 01 01 00 1F
FA AF 00 2D 00 04 0C 15 00 00 00 00 00 00 00 00 00 19 0C 16 00 00 00 00 00 00 00 00 00 1A 08 17 00 00 02 03 01 1F 07 18 00 01 01 00 1F
FA AF 00 2D 00 04 0C 15 00 00 00 00 00 00 00 00 00 19 0C 16 00 00 00 00 00 00 00 00 00 1A 08 17 00 00 02 0A 01 16 07 18 00 01 01 00 1F
FA AF 00 2D 00 04 0C 15 00 00 00 00 00 00 00 00 00 19 0C 16 00 00 00 00 00 00 00 00 00 1A 08 17 00 00 02 04 01 18 07 18 00 01 01 00 1F
FA AF 00 2D 00 04 0C 15 00 00 00 00 00 00 00 00 00 19 0C 16 00 00 00 01 00 00 00 00 00 1B 08 17 00 00 02 02 01 1E 07 18 00 01 01 00 1F
FA AF 00 2D 00 04 0C 15 00 00 00 00 00 00 00 00 00 19 0C 16 00 00 00 00 00 00 00 00 00 1A 08 17 00 00 02 02 01 1E 07 18 00 01 01 00 1F
FA AF 00 2D 00 04 0C 15 00 00 00 00 00 00 00 00 00 19 0C 16 00 00 00 00 00 00 00 00 00 1A 08 17 00 00 02 07 01 1B 07 18 00 01 01 00 1F
FA AF 00 2D 00 04 0C 15 00 00 00 00 00 00 00 00 00 19 0C 16 00 00 00 00 00 00 00 00 00 1A 08 17 00 00 02 08 01 14 07 18 00 01 01 00 1F
FA AF 00 2D 00 04 0C 15 00 00 00 00 00 00 00 00 00 19 0C 16 00 00 00 00 00 00 00 00 00 1A 08 17 00 00 02 03 01 1F 07 18 00 01 01 00 1F
FA AF 00 2D 00 04 0C 15 00 00 00 00 00 00 00 00 00 19 0C 16 00 00 00 00 00 00 00 00 00 1A 08 17 00 00 02 0C 01 10 07 18 00 01 01 00 1F
FA AF 00 2D 00 04 0C 15 00 00 00 00 00 00 00 00 00 19 0C 16 00 00 00 00 00 00 00 00 00 1A 08 17 00 00 02 03 01 1F 07 18 00 01 01 00 1F
FA AF 00 2D 00 04 0C 15 00 00 00 00 00 00 00 00 00 19 0C 16 00 00 00 00 00 00 00 00 00 1A 08 17 00 00 02 08 01 14 07 18 00 01 01 00 1F
FA AF 00 2D 00 04 0C 15 00 00 00 00 00 00 00 00 00 19 0C 16 00 00 00 00 00 00 00 00 00 1A 08 17 00 00 01 FE 01 E1 07 18 00 01 01 00 1F
FA AF 00 2D 00 04 0C 15 00 00 00 00 00 00 00 00 00 19 0C 16 00 00 00 00 00 00 00 00 00 1A 08 17 00 00 02 07 01 1B 07 18 00 01 01 00 1F
FA AF 00 2D 00 04 0C 15 00 00 00 00 00 00 00 00 00 19 0C 16 00 00 00 00 00 00 00 00 00 1A 08 17 00 00 02 04 01 18 07 18 00 01 01 00 1F
FA AF 00 2D 00 04 0C 15 00 00 00 00 00 00 00 00 00 19 0C 16 00 00 00 00 00 00 00 00 00 1A 08 17 00 00 02 08 01 14 07 18 00 01 01 00 1F
FA AF 00 2D 00 04 0C 15 00 00 00 00 00 00 00 00 00 19 0C 16 00 00 00 00 00 00 00 00 00 1A 08 17 00 00 02 0C 01 10 07 18 00 01 01 00 1F
FA AF 00 2D 00 04 0C 15 00 00 00 00 00 00 00 00 00 19 0C 16 00 00 00 01 00 00 00 00 00 1B 08 17 00 00 02 01 01 1D 07 18 00 01 01 00 1F
FA AF 00 2D 00 04 0C 15 00 00 00 00 00 00 00 00 00 19 0C 16 00 00 00 00 00 00 00 00 00 1A 08 17 00 00 02 09 01 15 07 18 00 01 01 00 1F
FA AF 00 2D 00 04 0C 15 00 00 00 00 00 00 00 00 00 19 0C 16 00 00 00 00 00 00 00 00 00 1A 08 17 00 00 02 01 01 1D 07 18 00 01 01 00 1F
FA AF 00 2D 00 04 0C 15 00 00 00 00 00 00 00 00 00 19 0C 16 00 00 00 00 00 00 00 00 00 1A 08 17 00 00 02 03 01 1F 07 18 00 01 01 00 1F
FA AF 00 2D 00 04 0C 15 00 00 00 00 00 00 00 00 00 19 0C 16 00 00 00 00 00 00 00 00 00 1A 08 17 00 00 02 06 01 1A 07 18 00 01 01 00 1F
FA AF 00 2D 00 04 0C 15 00 00 00 00 00 00 00 00 00 19 0C 16 00 00 00 00 00 00 00 00 00 1A 08 17 00 00 02 01 01 1D 07 18 00 01 01 00 1F
FA AF 00 2D 00 04 0C 15 00 00 00 00 00 00 00 00 00 19 0C 16 00 00 00 01 00 00 00 00 00 1B 08 17 00 00 02 0D 01 11 07 18 00 01 01 00 1F
FA AF 00 2D 00 04 0C 15 00 00 00 00 00 00 00 00 00 19 0C 16 00 00 00 00 00 00 00 00 00 1A 08 17 00 00 02 03 01 1F 07 18 00 01 01 00 1F
FA AF 00 2D 00 04 0C 15 00 00 00 00 00 00 00 00 00 19 0C 16 00 00 00 00 00 00 00 00 00 1A 08 17 00 00 02 08 01 14 07 18 00 01 01 00 1F
FA AF 00 2D 00 04 0C 15 00 00 00 00 00 00 00 00 00 19 0C 16 00 00 00 00 00 00 00 00 00 1A 08 17 00 00 02 05 01 19 07 18 00 01 01 00 1F
FA AF 00 2D 00 04 0C 15 00 00 00 00 00 00 00 00 00 19 0C 16 00 00 00 00 00 00 00 00 00 1A 08 17 00 00 02 07 01 1B 07 18 00 01 01 00 1F
FA AF 00 2D 00 04 0C 15 00 00 00 00 00 00 00 00 00 19 0C 16 00 00 00 00 00 00 00 00 00 1A 08 17 00 00 02 00 01 1C 07 18 00 01 01 00 1F
FA AF 00 2D 00 04 0C 15 00 00 00 00 00 00 00 00 00 19 0C 16 00 00 00 01 00 00 00 00 00 1B 08 17 00 00 02 05 01 19 07 18 00 01 01 00 1F
FA AF 00 2D 00 04 0C 15 00 00 00 00 00 00 00 00 00 19 0C 16 00 00 00 00 00 00 00 00 00 1A 08 17 00 00 02 01 01 1D 07 18 00 01 01 00 1F
FA AF 00 2D 00 04 0C 15 00 00 00 00 00 00 00 00 00 19 0C 16 00 00 00 00 00 00 00 00 00 1A 08 17 00 00 02 01 01 1D 07 18 00 01 01 00 1F
FA AF 00 2D 00 04 0C 15 00 00 00 00 00 00 00 00 00 19 0C 16 00 00 00 00 00 00 00 00 00 1A 08 17 00 00 02 08 01 14 07 18 00 01 01 00 1F
FA AF 00 2D 00 04 0C 15 00 00 00 00 00 00 00 00 00 19 0C 16 00 00 00 00 00 00 00 00 00 1A 08 17 00 00 02 06 01 1A 07 18 00 01 01 00 1F
FA AF 00 2D 00 04 0C 15 00 00 00 00 00 00 00 00 00 19 0C 16 00 00 00 00 00 00 00 00 00 1A 08 17 00 00 02 03 01 1F 07 18 00 01 01 00 1F
FA AF 00 2D 00 04 0C 15 00 00 00 00 00 00 00 00 00 19 0C 16 00 00 00 00 00 00 00 00 00 1A 08 17 00 00 02 07 01 1B 07 18 00 01 01 00 1F
FA AF 00 2D 00 04 0C 15 00 00 00 00 00 00 00 00 00 19 0C 16 00 00 00 00 00 00 00 00 00 1A 08 17 00 00 02 03 01 1F 07 18 00 01 01 00 1F
FA AF 00 2D 00 04 0C 15 00 00 00 00 00 00 00 00 00 19 0C 16 00 00 00 00 00 00 00 00 00 1A 08 17 00 00 02 02 01 1E 07 18 00 01 01 00 1F
FA AF 00 2D 00 04 0C 15 00 00 00 00 00 00 00 00 00 19 0C 16 00 00 00 00 00 00 00 00 00 1A 08 17 00 00 02 02 01 1E 07 18 00 01 01 00 1F
FA AF 00 2D 00 04 0C 15 00 00 00 00 00 00 00 00 00 19 0C 16 00 00 00 00 00 00 00 00 00 1A 08 17 00 00 02 0A 01 16 07 18 00 01 01 00 1F
FA AF 00 2D 00 04 0C 15 00 00 00 00 00 00 00 00 00 19 0C 16 00 00 00 00 00 00 00 00 00 1A 08 17 00 00 02 03 01 1F 07 18 00 01 01 00 1F
FA AF 00 2D 00 04 0C 15 00 00 00 00 00 00 00 00 00 19 0C 16 00 00 00 00 00 00 00 00 00 1A 08 17 00 00 02 04 01 18 07 18 00 01 01 00 1F
FA AF 00 2D 00 04 0C 15 00 00 00 00 00 00 00 00 00 19 0C 16 00 00 00 00 00 00 00 00 00 1A 08 17 00 00 02 0A 01 16 07 18 00 01 01 00 1F
FA AF 00 2D 00 04 0C 15 00 00 00 00 00 00 00 00 00 19 0C 16 FF FF FF FF 00 00 00 00 00 1A 08 17 00 00 02 08 01 14 07 18 00 01 01 00 1F
FA AF 00 2D 00 04 0C 15 00 00 00 00 00 00 00 00 00 19 0C 16 00 00 00 00 00 00 00 00 00 1A 08 17 00 00 02 0A 01 16 07 18 00 01 01 00 1F
FA AF 00 2D 00 04 0C 15 00 00 00 00 00 00 00 00 00 19 0C 16 00 00 00 01 00 00 00 00 00 1B 08 17 00 00 02 04 01 18 07 18 00 01 01 00 1F
FA AF 00 2D 00 04 0C 15 00 00 00 00 00 00 00 00 00 19 0C 16 00 00 00 00 00 00 00 00 00 1A 08 17 00 00 02 05 01 19 07 18 00 01 01 00 1F
FA AF 00 2D 00 04 0C 15 00 00 00 00 00 00 00 00 00 19 0C 16 00 00 00 01 00 00 00 00 00 1B 08 17 00 00 02 01 01 1D 07 18 00 01 01 00 1F
FA AF 00 2D 00 04 0C 15 00 00 00 00 00 00 00 00 00 19 0C 16 00 00 00 00 00 00 00 00 00 1A 08 17 00 00 01 FF 01 E0 07 18 00 01 01 00 1F
FA AF 00 2D 00 04 0C 15 00 00 00 00 00 00 00 00 00 19 0C 16 00 00 00 00 00 00 00 00 00 1A 08 17 00 00 02 02 01 1E 07 18 00 01 01 00 1F
FA AF 00 2D 00 04 0C 15 00 00 00 00 00 00 00 00 00 19 0C 16 00 00 00 00 00 00 00 00 00 1A 08 17 00 00 02 04 01 18 07 18 00 01 01 00 1F
FA AF 00 2D 00 04 0C 15 00 00 00 00 00 00 00 00 00 19 0C 16 00 00 00 00 00 00 00 00 00 1A 08 17 00 00 02 0F 01 13 07 18 00 01 01 00 1F
FA AF 00 2D 00 04 0C 15 00 00 00 00 00 00 00 00 00 19 0C 16 00 00 00 00 00 00 00 00 00 1A 08 17 00 00 02 01 01 1D 07 18 00 01 01 00 1F
FA AF 00 2D 00 04 0C 15 00 00 00 00 00 00 00 00 00 19 0C 16 00 00 00 01 00 00 00 00 00 1B 08 17 00 00 02 07 01 1B 07 18 00 01 01 00 1F
FA AF 00 2D 00 04 0C 15 00 00 00 00 00 00 00 00 00 19 0C 16 00 00 00 00 00 00 00 00 00 1A 08 17 00 00 02 03 01 1F 07 18 00 01 01 00 1F
FA AF 00 2D 00 04 0C 15 00 00 00 00 00 00 00 00 00 19 0C 16 00 00 00 00 00 00 00 00 00 1A 08 17 00 00 02 0C 01 10 07 18 00 01 01 00 1F
FA AF 00 2D 00 04 0C 15 00 00 00 00 00 00 00 00 00 19 0C 16 00 00 00 00 00 00 00 00 00 1A 08 17 00 00 02 02 01 1E 07 18 00 01 01 00 1F
FA AF 00 2D 00 04 0C 15 00 00 00 00 00 00 00 00 00 19 0C 16 00 00 00 00 00 00 00 00 00 1A 08 17 00 00 02 02 01 1E 07 18 00 01 01 00 1F
FA AF 00 2D 00 04 0C 15 00 00 00 00 00 00 00 00 00 19 0C 16 00 00 00 00 00 00 00 00 00 1A 08 17 00 00 02 0C 01 10 07 18 00 01 01 00 1F
FA AF 00 2D 00 04 0C 15 00 00 00 00 00 00 00 00 00 19 0C 16 00 00 00 00 00 00 00 00 00 1A 08 17 00 00 02 00 01 1C 07 18 00 01 01 00 1F
FA AF 00 2D 00 04 0C 15 00 00 00 00 00 00 00 00 00 19 0C 16 00 00 00 00 00 00 00 00 00 1A 08 17 00 00 02 08 01 14 07 18 00 01 01 00 1F
FA AF 00 2D 00 04 0C 15 00 00 00 00 00 00 00 00 00 19 0C 16 00 00 00 00 00 00 00 00 00 1A 08 17 00 00 02 06 01 1A 07 18 00 01 01 00 1F
FA AF 00 2D 00 04 0C 15 00 00 00 00 00 00 00 00 00 19 0C 16 00 00 00 00 00 00 00 00 00 1A 08 17 00 00 02 04 01 18 07 18 00 01 01 00 1F
FA AF 00 2D 00 04 0C 15 00 00 00 00 00 00 00 00 00 19 0C 16 00 00 00 00 00 00 00 00 00 1A 08 17 00 00 02 08 01 14 07 18 00 01 01 00 1F
FA AF 00 2D 00 04 0C 15 00 00 00 00 00 00 00 00 00 19 0C 16 00 00 00 01 00 00 00 00 00 1B 08 17 00 00 02 00 01 1C 07 18 00 01 01 00 1F
FA AF 00 2D 00 04 0C 15 00 00 00 00 00 00 00 00 00 19 0C 16 00 00 00 00 00 00 00 00 00 1A 08 17 00 00 02 06 01 1A 07 18 00 01 01 00 1F
FA AF 00 2D 00 04 0C 15 00 00 00 00 00 00 00 00 00 19 0C 16 00 00 00 00 00 00 00 00 00 1A 08 17 00 00 02 02 01 1E 07 18 00 01 01 00 1F
FA AF 00 2D 00 04 0C 15 00 00 00 00 00 00 00 00 00 19 0C 16 00 00 00 00 00 00 00 00 00 1A 08 17 00 00 02 06 01 1A 07 18 00 01 01 00 1F
FA AF 00 2D 00 04 0C 15 00 00 00 00 00 00 00 00 00 19 0C 16 00 00 00 00 00 00 00 00 00 1A 08 17 00 00 02 05 01 19 07 18 00 01 01 00 1F
FA AF 00 2D 00 04 0C 15 00 00 00 00 00 00 00 00 00 19 0C 16 00 00 00 00 00 00 00 00 00 1A 08 17 00 00 02 0D 01 11 07 18 00 01 01 00 1F
FA AF 00 2D 00 04 0C 15 00 00 00 00 00 00 00 00 00 19 0C 16 00 00 00 00 00 00 00 00 00 1A 08 17 00 00 02 0A 01 16 07 18 00 01 01 00 1F
FA AF 00 2D 00 04 0C 15 00 00 00 00 00 00 00 00 00 19 0C 16 00 00 00 01 00 00 00 00 00 1B 08 17 00 00 02 04 01 18 07 18 00 01 01 00 1F
FA AF 00 2D 00 04 0C 15 00 00 00 00 00 00 00 00 00 19 0C 16 00 00 00 00 00 00 00 00 00 1A 08 17 00 00 02 0B 01 17 07 18 00 01 01 00 1F
FA AF 00 2D 00 04 0C 15 00 00 00 00 00 00 00 00 00 19 0C 16 00 00 00 00 00 00 00 00 00 1A 08 17 00 00 02 02 01 1E 07 18 00 01 01 00 1F
FA AF 00 2D 00 04 0C 15 00 00 00 00 00 00 00 00 00 19 0C 16 00 00 00 00 00 00 00 00 00 1A 08 17 00 00 02 02 01 1E 07 18 00 01 01 00 1F
FA AF 00 2D 00 04 0C 15 00 00 00 00 00 00 00 00 00 19 0C 16 00 00 00 00 00 00 00 00 00 1A 08 17 00 00 02 04 01 18 07 18 00 01 01 00 1F
FA AF 00 2D 00 04 0C 15 00 00 00 00 00 00 00 00 00 19 0C 16 00 00 00 00 00 00 00 00 00 1A 08 17 00 00 02 02 01 1E 07 18 00 01 01 00 1F
FA AF 00 2D 00 04 0C 15 00 00 00 00 00 00 00 00 00 19 0C 16 00 00 00 00 00 00 00 00 00 1A 08 17 00 00 02 0B 01 17 07 18 00 01 01 00 1F
FA AF 00 2D 00 04 0C 15 00 00 00 00 00 00 00 00 00 19 0C 16 00 00 00 00 00 00 00 00 00 1A 08 17 00 00 02 04 01 18 07 18 00 01 01 00 1F
FA AF 00 2D 00 04 0C 15 00 00 00 00 00 00 00 00 00 19 0C 16 00 00 00 01 00 00 00 00 00 1B 08 17 00 00 02 0C 01 10 07 18 00 01 01 00 1F
FA AF 00 2D 00 04 0C 15 00 00 00 00 00 00 00 00 00 19 0C 16 00 00 00 00 00 00 00 00 00 1A 08 17 00 00 02 02 01 1E 07 18 00 01 01 00 1F
FA AF 00 2D 00 04 0C 15 00 00 00 00 00 00 00 00 00 19 0C 16 00 00 00 00 00 00 00 00 00 1A 08 17 00 00 02 08 01 14 07 18 00 01 01 00 1F
FA AF 00 2D 00 04 0C 15 00 00 00 00 00 00 00 00 00 19 0C 16 00 00 00 00 00 00 00 00 00 1A 08 17 00 00 02 00 01 1C 07 18 00 01 01 00 1F
FA AF 00 2D 00 04 0C 15 00 00 00 00 00 00 00 00 00 19 0C 16 00 00 00 01 00 00 00 00 00 1B 08 17 00 00 02 03 01 1F 07 18 00 01 01 00 1F
FA AF 00 2D 00 04 0C 15 00 00 00 00 00 00 00 00 00 19 0C 16 00 00 00 00 00 00 00 00 00 1A 08 17 00 00 02 0A 01 16 07 18 00 01 01 00 1F
FA AF 00 2D 00 04 0C 15 00 00 00 00 00 00 00 00 00 19 0C 16 00 00 00 00 00 00 00 00 00 1A 08 17 00 00 02 09 01 15 07 18 00 01 01 00 1F
FA AF 00 2D 00 04 0C 15 00 00 00 00 00 00 00 00 00 19 0C 16 00 00 00 00 00 00 00 00 00 1A 08 17 00 00 02 08 01 14 07 18 00 01 01 00 1F
FA AF 00 2D 00 04 0C 15 00 00 00 00 00 00 00 00 00 19 0C 16 00 00 00 00 00 00 00 00 00 1A 08 17 00 00 02 02 01 1E 07 18 00 01 01 00 1F
FA AF 00 2D 00 04 0C 15 00 00 00 00 00 00 00 00 00 19 0C 16 00 00 00 00 00 00 00 00 00 1A 08 17 00 00 02 00 01 1C 07 18 00 01 01 00 1F
FA AF 00 2D 00 04 0C 15 00 00 00 00 00 00 00 00 00 19 0C 16 00 00 00 00 00 00 00 00 00 1A 08 17 00 00 02 05 01 19 07 18 00 01 01 00 1F
FA AF 00 2D 00 04 0C 15 00 00 00 00 00 00 00 00 00 19 0C 16 00 00 00 00 00 00 00 00 00 1A 08 17 00 00 02 09 01 15 07 18 00 01 01 00 1F
FA AF 00 2D 00 04 0C 15 00 00 00 00 00 00 00 00 00 19 0C 16 00 00 00 00 00 00 00 00 00 1A 08 17 00 00 02 0B 01 17 07 18 00 01 01 00 1F
FA AF 00 2D 00 04 0C 15 00 00 00 00 00 00 00 00 00 19 0C 16 00 00 00 00 00 00 00 00 00 1A 08 17 00 00 02 04 01 18 07 18 00 01 01 00 1F
FA AF 00 2D 00 04 0C 15 00 00 00 00 00 00 00 00 00 19 0C 16 00 00 00 00 00 00 00 00 00 1A 08 17 00 00 02 09 01 15 07 18 00 01 01 00 1F
FA AF 00 2D 00 04 0C 15 00 00 00 00 00 00 00 00 00 19 0C 16 00 00 00 00 00 00 00 00 00 1A 08 17 00 00 02 02 01 1E 07 18 00 01 01 00 1F
FA AF 00 2D 00 04 0C 15 00 00 00 00 00 00 00 00 00 19 0C 16 00 00 00 00 00 00 00 00 00 1A 08 17 00 00 02 08 01 14 07 18 00 01 01 00 1F
FA AF 00 2D 00 04 0C 15 00 00 00 00 00 00 00 00 00 19 0C 16 00 00 00 00 00 00 00 00 00 1A 08 17 00 00 02 06 01 1A 07 18 00 01 01 00 1F
FA AF 00 2D 00 04 0C 15 00 00 00 00 00 00 00 00 00 19 0C 16 00 00 00 00 00 00 00 00 00 1A 08 17 00 00 02 0D 01 11 07 18 00 01 01 00 1F
FA AF 00 2D 00 04 0C 15 00 00 00 00 00 00 00 00 00 19 0C 16 00 00 00 00 00 00 00 00 00 1A 08 17 00 00 02 0A 01 16 07 18 00 01 01 00 1F
FA AF 00 2D 00 04 0C 15 00 00 00 00 00 00 00 00 00 19 0C 16 00 00 00 00 00 00 00 00 00 1A 08 17 00 00 02 01 01 1D 07 18 00 01 01 00 1F
